76539
1520
6 46 69 46
7 37 10 31
7 35 42 82
4 34 35 75
2 39 59 66
5 34 41 82
2 33 37 31
5 30 40 52
2 30 65 94
5 29 87 92
3 26 92 59
7 25 25 52
2 24 11 64
2 31 17 51
7 24 5 63
1 24 51 20
3 24 88 70
6 23 34 91
4 23 34 49
6 22 35 79
2 22 94 10
8 21 5 50
1 28 9 53
5 21 18 23
8 21 20 27
6 22 19 19
1 23 32 22
6 21 75 11
8 20 67 69
5 20 97 36
6 19 26 42
4 19 38 66
7 18 23 37
6 18 23 12
2 24 38 17
4 18 25 59
1 17 37 6
6 21 65 1
7 17 57 16
3 17 64 90
8 16 9 33
8 20 56 35
6 16 10 1
3 24 36 7
3 15 12 98
5 18 44 94
1 15 25 69
4 15 34 33
5 28 36 35
2 19 37 39
1 17 43 37
6 16 51 31
7 15 38 88
5 15 72 31
2 19 73 35
1 14 6 91
4 17 40 87
8 15 10 91
8 19 14 91
5 17 35 89
2 15 10 92
1 14 6 74
4 22 83 77
6 17 80 77
7 24 83 78
8 14 10 19
5 15 49 19
1 14 11 70
8 29 14 70
4 15 74 65
8 14 15 44
4 18 41 46
3 18 80 44
4 17 34 40
3 14 21 86
5 14 22 13
4 14 24 33
3 14 21 31
5 14 38 53
5 14 56 13
8 14 61 60
7 14 80 84
4 14 81 7
8 13 12 55
3 13 31 15
8 17 46 18
4 13 29 13
4 13 33 75
6 13 42 62
3 16 41 66
2 13 71 14
4 13 69 15
2 13 89 28
8 12 5 91
3 12 6 88
4 13 30 84
2 12 6 85
1 12 16 60
6 18 22 61
8 15 47 62
4 21 71 62
5 18 67 63
3 14 75 65
1 12 17 28
4 15 23 30
3 13 68 27
1 12 18 88
8 12 19 9
5 12 16 11
8 14 49 15
2 12 24 38
6 12 25 51
4 14 79 53
5 12 25 50
2 16 65 47
4 17 69 49
1 12 39 30
6 12 44 48
2 12 52 95
8 12 56 99
3 14 54 99
6 16 76 97
5 13 73 100
4 12 61 88
1 12 63 77
5 12 65 8
2 12 69 44
2 11 6 89
3 12 30 89
7 11 7 66
6 15 70 64
3 11 9 77
8 14 3 75
1 18 40 78
7 11 13 29
8 12 12 28
8 11 19 37
3 11 23 24
4 11 32 46
8 20 48 49
1 15 52 55
5 15 68 51
3 16 68 54
6 16 66 55
8 11 43 47
6 11 59 78
3 11 80 8
5 11 81 100
3 10 4 91
7 10 9 56
2 13 8 55
8 10 11 12
6 11 18 8
1 11 89 5
3 10 15 81
2 17 14 82
1 10 16 48
5 13 66 43
6 11 15 46
1 11 11 44
1 12 57 40
7 11 36 49
8 11 39 50
5 12 46 50
6 10 10 44
8 11 17 41
7 13 49 41
6 14 47 38
4 11 58 39
6 10 15 38
7 10 16 39
3 11 27 37
7 10 18 92
4 10 31 70
7 11 46 69
4 10 35 74
1 10 38 49
7 17 37 49
2 10 44 85
3 12 41 87
8 11 38 86
2 12 46 83
1 10 37 83
8 10 51 75
5 10 53 22
8 9 4 44
5 9 4 11
7 10 5 11
6 9 7 47
7 9 8 46
5 9 8 18
4 12 30 22
1 10 61 21
8 9 9 76
7 9 10 53
3 10 55 53
6 9 10 35
1 10 9 34
7 10 30 35
5 12 52 38
2 9 11 65
3 12 30 66
4 10 28 64
6 10 28 66
5 14 28 63
7 9 11 23
8 13 11 23
2 9 13 100
1 10 11 98
6 10 35 94
1 14 47 97
3 14 46 97
8 10 43 96
6 9 22 100
3 9 26 51
6 9 27 69
2 9 31 1
7 9 32 32
7 9 37 40
7 9 39 99
4 9 36 98
8 10 41 100
3 9 44 80
1 13 46 80
7 11 52 80
8 9 44 23
2 9 47 38
7 9 48 45
6 9 69 56
2 8 5 99
7 10 52 99
7 10 53 96
7 8 6 61
1 13 5 63
1 12 8 62
7 9 7 59
5 12 14 57
1 10 7 57
6 10 52 59
6 9 19 57
8 8 3 62
4 9 26 66
2 9 36 61
8 8 3 58
3 8 8 96
4 9 28 96
6 10 28 96
2 8 8 68
4 10 54 70
1 8 6 65
7 10 40 63
8 9 33 65
6 8 8 15
5 12 9 17
8 14 12 15
3 9 30 18
4 11 60 15
8 10 44 17
3 9 52 16
2 8 10 47
7 8 10 35
2 8 12 12
3 8 16 71
7 8 17 6
8 11 51 4
4 13 78 3
4 10 39 5
5 9 46 5
8 8 17 1
3 9 28 1
4 12 63 1
7 8 23 74
7 10 46 73
6 11 63 75
6 10 51 68
2 8 27 21
2 8 32 89
7 9 54 87
4 13 64 86
5 8 32 73
1 9 48 73
4 9 45 70
6 8 32 21
7 8 40 18
6 8 45 69
5 8 44 69
3 8 45 22
2 10 46 22
2 12 52 21
3 8 58 12
7 8 62 83
6 9 60 83
5 12 60 86
6 10 58 87
3 7 3 85
8 9 9 87
4 8 56 88
1 7 3 51
6 7 4 40
8 7 5 70
7 13 2 68
1 8 11 74
2 8 40 73
2 7 3 73
6 9 24 72
7 8 31 73
5 8 58 75
7 7 5 3
2 7 6 74
8 10 34 77
1 8 40 74
1 7 3 75
7 8 4 73
3 8 10 75
5 9 11 73
1 7 6 26
7 9 9 25
4 10 67 25
7 9 33 23
5 10 32 25
3 9 71 29
2 8 19 27
7 7 4 26
1 10 4 26
7 10 42 25
2 9 22 26
8 9 36 26
5 8 18 29
1 8 39 25
5 8 63 27
2 7 7 77
1 8 7 81
3 10 30 80
4 9 54 85
8 8 13 82
8 9 30 81
4 9 41 80
2 8 11 79
1 13 13 79
7 10 23 81
8 7 5 81
4 8 27 83
2 9 47 85
6 7 7 15
2 7 8 97
4 11 40 95
8 8 16 100
6 8 47 99
8 7 8 51
6 7 11 32
2 7 13 47
2 7 14 23
7 7 15 75
2 10 34 76
5 7 16 93
4 9 15 93
8 9 29 92
5 8 42 91
5 7 16 7
7 10 40 7
1 8 31 7
5 7 22 40
3 9 71 41
7 7 23 93
3 7 28 45
5 7 30 12
3 7 32 98
7 7 35 18
3 7 36 33
4 7 37 46
2 7 38 47
3 10 37 48
8 7 40 44
4 7 40 31
3 7 44 32
1 7 52 30
4 7 50 28
4 7 55 12
4 7 56 57
3 7 60 29
3 7 65 1
2 7 78 9
2 6 3 80
1 7 4 81
8 6 3 37
6 7 11 39
2 8 21 37
4 9 40 35
4 9 51 40
6 8 26 34
2 9 34 33
3 9 39 36
8 8 26 35
2 6 4 67
8 6 5 75
7 6 5 62
1 9 35 63
6 6 5 33
2 8 26 30
6 11 33 28
6 7 8 31
5 8 15 32
6 6 5 23
6 6 6 39
8 7 5 35
4 8 10 32
4 7 19 39
1 6 7 51
7 9 5 48
6 8 25 49
8 7 4 46
7 6 7 40
1 7 5 40
2 7 16 41
8 6 14 34
3 6 15 23
7 6 17 75
8 6 17 7
5 10 18 5
2 9 23 11
1 8 34 8
7 7 42 6
6 7 41 5
5 6 18 98
7 7 21 98
6 7 35 96
5 6 18 94
8 8 31 93
7 8 46 89
6 6 18 92
7 6 18 68
1 8 29 67
5 6 19 53
5 6 19 34
4 6 20 30
3 6 21 20
5 6 22 68
2 11 29 67
7 6 23 65
2 6 26 79
3 6 26 75
6 6 31 91
2 6 32 53
4 6 32 8
7 8 44 9
1 10 56 8
5 7 37 10
8 7 41 10
1 9 52 10
3 6 35 69
3 6 35 3
2 6 37 88
5 7 44 86
6 6 37 17
1 11 44 15
8 6 42 2
5 6 43 45
1 6 43 43
6 7 44 43
5 6 44 2
7 8 47 2
5 6 47 28
1 6 51 17
3 6 53 60
3 6 58 1
2 6 58 3
3 5 2 82
6 5 2 30
8 7 2 27
1 7 9 27
4 7 34 32
4 6 12 26
6 9 20 25
5 8 14 27
1 7 15 24
1 7 30 30
6 6 18 23
2 9 36 25
4 8 36 24
3 6 37 26
3 6 42 26
4 6 40 26
2 5 3 96
5 8 19 97
5 6 27 97
8 5 3 54
6 8 7 50
1 7 7 57
3 8 7 57
4 7 12 60
1 9 32 61
8 7 19 57
1 6 15 56
6 5 3 49
3 6 10 48
5 6 8 46
7 5 3 16
8 7 8 18
7 10 8 16
5 6 17 20
5 6 38 19
5 5 4 5
3 6 51 6
3 5 6 93
4 7 39 94
1 5 6 32
6 8 14 31
2 6 8 31
3 6 10 32
8 6 9 29
1 7 9 29
8 6 22 26
2 8 38 26
7 6 24 30
2 6 32 28
5 5 9 54
8 5 12 8
1 8 20 10
4 8 23 10
3 5 13 63
6 6 18 66
4 8 19 67
7 6 23 67
2 5 13 27
6 5 16 100
2 6 25 99
1 7 24 98
3 5 16 65
5 5 16 40
2 5 16 14
1 7 16 15
7 5 17 7
8 8 33 5
5 6 34 3
5 5 18 78
4 5 19 89
2 6 24 89
3 6 24 89
7 5 21 26
4 5 21 6
4 6 24 5
1 6 39 6
3 5 22 41
8 5 23 97
1 5 23 92
1 5 24 73
4 5 23 75
8 5 25 28
3 5 26 99
6 5 27 96
2 5 27 57
8 6 32 56
1 5 28 70
1 5 28 55
8 5 26 55
7 7 27 56
5 5 29 82
8 5 29 68
7 6 28 68
6 5 29 67
5 5 29 67
4 9 31 65
3 8 29 67
4 5 26 67
3 5 30 23
1 5 30 23
7 5 31 90
4 5 31 57
4 5 32 79
7 5 33 12
6 5 32 12
3 5 34 13
3 5 37 52
1 5 38 84
4 5 40 88
6 5 37 89
4 5 42 74
3 5 44 21
1 5 47 13
3 5 48 19
1 5 62 1
3 5 71 42
3 4 3 79
2 4 3 79
1 5 6 79
8 5 4 78
3 7 20 79
3 5 28 78
1 4 3 35
5 4 3 18
8 6 2 17
5 6 24 18
4 5 39 17
7 4 3 20
5 4 2 21
5 5 19 22
7 4 3 7
8 4 4 97
3 6 4 97
1 8 3 95
7 4 4 74
3 4 3 75
5 4 4 48
8 4 4 5
6 8 3 4
2 7 31 2
6 6 5 5
6 5 37 2
2 6 53 2
4 5 48 1
8 4 5 66
6 4 5 16
7 5 29 17
1 4 6 92
8 6 17 92
3 6 29 90
7 5 22 93
7 5 23 91
7 4 6 73
8 5 7 73
3 5 12 70
6 5 39 73
5 5 37 72
3 4 6 52
6 6 32 51
8 4 7 77
2 4 6 78
6 5 12 77
6 4 7 77
3 4 7 73
3 4 7 40
2 5 18 40
4 5 28 39
5 5 28 40
2 7 27 39
7 5 27 37
5 4 5 39
4 4 5 38
1 6 15 40
2 5 23 38
4 4 8 79
3 5 10 79
2 4 8 75
2 4 8 50
4 4 8 29
6 4 8 26
4 4 8 25
3 6 9 26
8 5 11 25
7 4 9 68
7 4 9 66
2 5 13 68
8 5 19 65
7 4 9 58
2 5 15 59
5 4 9 8
7 5 14 9
4 5 15 9
3 5 18 10
6 7 18 11
7 5 26 10
6 6 26 7
8 4 8 7
7 4 10 31
1 4 10 32
6 4 10 6
3 6 10 8
3 5 15 6
4 4 10 6
2 4 11 80
7 4 11 1
1 4 12 89
8 5 12 90
7 6 16 89
4 6 14 86
6 5 27 85
1 5 28 87
5 4 12 90
4 4 12 73
5 5 14 72
4 5 13 71
8 6 21 70
5 5 13 69
3 4 12 11
3 4 12 6
4 4 13 50
7 4 13 45
2 6 44 44
5 5 18 45
4 6 35 45
8 5 26 44
1 6 28 44
3 6 42 43
5 4 12 44
4 5 31 45
5 5 30 44
2 4 10 44
4 6 19 44
5 6 18 42
7 6 21 46
2 5 23 42
8 7 25 41
4 7 54 41
8 5 30 41
1 5 29 41
4 4 14 95
6 4 14 95
7 4 14 96
2 4 14 53
1 4 14 52
4 4 14 15
4 4 15 97
2 4 15 44
8 5 20 45
4 4 15 43
5 5 41 41
4 4 16 93
1 4 16 52
6 4 16 39
3 7 21 36
6 4 16 25
5 4 17 94
7 4 17 85
5 5 23 84
4 5 24 85
7 5 24 85
3 5 24 87
2 5 26 87
6 4 17 45
7 4 18 69
5 4 18 54
1 5 22 56
3 4 18 12
5 4 19 11
8 4 20 78
2 4 20 46
3 5 20 45
5 5 20 47
2 4 20 17
2 6 29 17
6 4 21 27
4 4 21 14
8 5 43 14
2 5 43 14
7 4 21 7
4 4 22 28
6 4 22 13
5 4 22 8
7 4 23 62
1 7 24 61
3 4 24 83
4 4 24 83
7 7 31 83
8 4 24 63
8 4 24 36
5 4 25 82
5 4 25 73
6 5 29 72
5 4 25 19
1 4 25 2
8 8 31 2
8 4 26 41
1 4 26 8
7 4 27 63
2 4 28 14
5 4 29 63
1 4 31 12
5 4 31 1
7 4 33 61
5 4 33 41
4 4 34 54
1 4 35 4
4 5 34 4
1 5 33 4
1 4 34 4
3 5 32 2
6 4 37 84
5 4 37 14
4 5 38 14
2 4 38 12
2 4 42 14
1 4 43 14
5 4 44 94
4 3 1 95
6 3 1 19
5 3 1 7
2 3 2 78
3 3 2 50
3 3 2 38
5 4 14 40
2 3 2 39
7 3 1 39
6 3 2 26
7 5 5 27
7 7 15 24
1 5 12 26
6 6 12 24
7 3 2 23
6 3 2 10
2 4 18 13
8 3 3 88
1 4 4 88
3 4 3 89
3 6 5 90
1 4 2 90
2 4 3 91
6 4 14 91
2 3 3 88
1 5 10 88
6 6 11 87
4 4 9 90
7 4 12 87
1 3 3 84
4 3 3 79
4 4 11 77
7 4 21 76
1 3 3 69
7 3 2 69
7 3 3 66
8 4 11 67
6 4 10 66
4 4 9 66
8 3 3 48
1 5 5 49
1 5 13 49
6 3 3 46
4 3 2 46
1 5 15 44
2 3 1 46
8 4 11 46
5 3 2 48
8 3 3 37
8 3 3 9
1 4 13 8
7 4 15 10
1 4 18 11
4 6 17 11
3 4 25 12
4 5 24 12
1 4 25 14
7 4 25 15
8 3 4 85
6 5 19 84
8 5 25 85
5 7 29 84
1 4 5 83
2 3 4 84
4 4 10 84
3 4 25 86
6 3 4 81
2 5 4 81
7 4 15 81
3 3 3 80
6 5 13 80
8 4 8 79
5 3 4 79
1 3 4 72
1 4 14 71
5 3 4 70
2 3 4 52
6 7 20 51
4 5 18 54
2 3 4 48
7 3 4 43
1 3 3 41
5 4 11 43
6 4 18 43
5 5 21 43
4 4 23 43
8 3 4 3
7 4 4 2
4 5 17 2
5 4 25 1
8 3 4 2
7 5 6 1
5 4 10 2
8 6 10 2
7 7 22 1
6 4 9 2
1 4 10 1
4 4 11 1
6 3 4 2
4 3 5 87
7 4 7 87
1 3 5 65
2 4 4 65
8 3 4 62
3 4 8 62
6 4 12 61
3 4 12 61
6 4 26 62
5 4 41 59
8 3 5 56
2 6 19 55
5 4 29 58
4 3 5 52
7 3 5 23
6 5 7 23
4 5 6 23
7 3 5 12
1 3 6 99
7 3 6 26
5 3 6 6
1 4 7 5
2 4 9 5
8 4 8 6
4 4 7 6
2 3 7 95
8 5 12 95
3 4 12 94
2 6 13 93
4 3 7 86
7 3 7 72
6 3 7 56
4 3 7 55
4 4 9 56
7 5 13 57
3 4 8 53
2 4 14 52
7 3 7 37
1 4 17 37
5 4 22 36
2 4 24 37
6 3 6 37
3 3 6 36
7 3 7 9
8 4 16 7
2 4 15 8
8 4 17 9
6 5 16 8
2 6 20 8
3 11 21 8
4 3 8 77
7 4 8 77
7 3 8 42
2 6 19 42
7 5 11 42
8 3 8 21
4 6 13 18
1 5 12 20
2 5 23 20
4 5 25 17
1 4 26 21
6 5 27 19
2 4 28 17
7 3 8 3
4 4 12 1
2 4 16 3
3 3 9 93
5 4 13 95
1 4 18 94
8 3 9 75
5 3 8 75
5 4 13 75
4 4 14 74
5 3 9 71
7 4 10 70
8 3 9 52
8 4 14 53
3 5 14 53
5 3 9 44
7 3 9 32
2 4 10 32
4 5 11 33
3 4 9 32
8 4 9 31
4 5 12 30
3 4 22 30
2 4 21 31
4 4 25 29
4 3 9 13
1 4 17 14
6 4 18 15
3 3 9 2
7 3 10 87
5 4 10 86
1 3 10 76
4 3 10 63
3 4 25 63
8 3 10 26
7 3 10 19
8 4 20 18
3 4 24 19
4 5 24 20
2 3 10 19
5 3 10 10
5 3 11 83
6 4 21 83
1 3 9 82
7 3 9 82
8 3 11 82
5 3 11 62
1 3 11 62
5 5 17 62
3 3 11 29
1 3 11 13
3 5 18 13
8 4 15 12
5 4 20 14
7 3 12 96
6 3 12 89
1 3 12 86
6 3 12 75
3 4 12 74
4 4 14 76
7 3 12 66
6 3 12 51
8 3 13 82
4 3 13 82
3 3 13 21
8 4 15 20
7 3 12 21
5 4 14 21
8 3 12 22
1 3 13 23
1 3 13 18
4 3 13 18
1 4 18 17
5 3 14 55
8 3 14 22
7 3 14 21
3 3 14 6
4 3 15 90
7 3 14 90
8 3 15 56
6 4 23 57
3 3 15 42
8 3 15 38
4 3 15 21
7 3 16 36
6 3 17 67
4 3 17 60
7 4 25 60
3 4 25 61
8 3 17 41
4 3 17 37
3 4 16 36
1 3 17 30
4 3 17 2
3 3 18 50
7 3 18 8
2 3 19 84
2 3 19 63
2 3 19 61
2 3 19 24
1 3 19 24
4 3 19 7
7 3 20 85
3 3 19 85
3 3 20 58
7 3 20 30
3 3 20 24
1 3 21 57
3 3 22 73
4 3 22 56
2 3 23 99
4 3 23 100
7 3 23 84
6 3 23 85
2 3 23 64
4 3 23 63
5 4 23 64
2 3 23 59
1 3 25 20
3 3 26 56
1 3 26 16
5 3 27 42
8 3 31 60
1 3 29 60
4 3 31 59
7 2 1 89
8 3 2 90
4 2 1 91
2 3 8 91
4 3 11 93
4 2 1 87
3 4 4 87
8 3 1 85
1 4 6 87
8 3 7 88
4 3 6 88
2 3 7 86
7 3 11 88
6 3 12 84
7 3 13 83
5 3 12 82
8 3 16 85
2 2 1 85
5 2 1 86
1 3 4 84
1 3 11 83
5 2 1 80
7 4 5 80
3 2 1 65
6 3 11 63
4 4 12 63
2 3 10 64
8 2 1 66
6 3 13 67
2 2 1 63
2 3 3 63
6 3 5 64
1 3 8 64
2 3 10 62
7 3 9 61
5 3 9 61
6 3 7 61
3 3 16 60
4 3 16 60
3 2 1 60
1 4 12 61
5 4 27 60
8 3 18 59
4 3 20 58
4 2 1 61
8 3 3 60
3 3 4 61
4 3 8 60
8 3 10 58
2 3 12 57
4 3 13 58
2 3 15 60
3 3 19 59
5 2 1 62
1 3 1 60
7 3 13 59
7 2 1 53
5 3 2 53
2 4 6 52
8 4 6 51
3 3 1 53
1 3 1 54
5 4 9 56
1 4 11 56
6 3 3 52
7 4 4 51
4 4 7 50
2 3 2 51
1 3 2 50
6 3 20 54
7 2 1 56
7 3 11 56
2 3 10 56
5 3 16 56
3 2 1 56
3 3 11 55
5 3 11 56
3 2 1 47
8 2 1 34
6 3 2 35
8 3 11 36
7 3 10 36
4 2 1 17
5 3 2 18
6 5 6 18
2 3 8 15
1 4 8 13
7 3 8 14
7 4 16 14
5 3 9 19
7 3 13 12
8 2 1 6
5 3 12 7
3 2 2 97
1 2 2 98
7 3 11 99
2 2 2 87
8 2 2 83
3 4 8 83
5 3 3 84
3 3 3 85
1 3 2 84
6 4 2 83
8 3 6 85
8 2 2 81
6 2 2 76
3 3 3 75
5 2 1 75
2 2 1 75
2 3 3 76
1 2 2 76
6 2 2 70
8 3 4 69
7 4 4 68
3 3 4 70
2 2 2 69
5 2 2 55
4 2 2 53
1 2 1 52
6 2 2 49
3 2 2 39
4 3 13 39
8 2 2 25
8 4 4 24
5 2 2 24
8 4 6 23
5 4 8 25
4 3 4 23
6 4 5 24
1 3 7 26
7 2 2 24
2 2 2 22
6 2 2 13
1 3 3 12
2 3 3 13
4 3 10 13
3 3 9 12
5 2 1 12
3 4 14 12
8 3 15 11
8 2 2 12
5 3 2 11
2 3 3 10
8 2 2 12
7 2 2 13
6 3 15 14
8 3 16 15
5 2 2 13
7 2 2 10
3 5 5 9
4 4 9 9
5 3 8 10
5 2 2 1
5 3 6 1
7 3 6 2
4 2 3 97
2 2 3 95
4 2 3 89
3 2 2 89
1 3 2 89
3 3 6 90
6 3 9 90
8 2 2 90
7 2 1 90
7 2 2 89
1 3 3 90
5 2 2 89
6 4 5 89
5 3 4 89
4 2 3 87
5 2 3 83
2 2 3 81
6 3 3 81
4 2 2 80
5 2 2 79
5 3 3 79
3 2 3 77
8 3 4 78
7 2 2 77
5 3 7 77
1 2 3 78
7 2 3 78
2 2 3 78
8 2 2 78
1 2 1 78
4 2 3 77
6 2 2 77
6 2 3 73
4 4 21 74
6 4 20 73
2 3 3 72
6 3 7 71
2 3 12 74
5 2 2 73
8 3 7 71
8 2 2 74
4 2 2 71
6 2 2 72
7 3 3 72
2 2 2 72
3 2 2 72
5 2 3 65
3 4 13 65
5 3 7 65
2 2 3 49
1 2 3 45
7 5 6 44
3 3 7 43
5 3 8 41
3 3 12 39
8 3 18 42
4 3 17 43
7 2 3 42
4 3 26 42
5 3 26 42
5 2 3 38
3 2 3 30
5 5 19 29
6 4 3 29
7 4 5 29
5 4 5 29
2 5 5 28
6 3 7 31
8 2 3 27
4 3 3 26
6 2 2 25
3 2 3 25
5 2 3 19
4 2 3 11
1 3 3 11
1 3 6 10
2 3 5 9
6 2 2 11
7 2 3 12
5 2 3 12
2 2 2 12
4 2 2 11
7 2 3 6
7 3 6 5
2 3 5 5
4 3 8 4
8 3 8 5
2 3 11 4
1 2 4 92
8 3 6 93
5 3 5 93
2 3 11 93
7 2 3 92
6 5 5 91
4 4 7 92
6 4 7 92
5 3 8 91
2 2 4 90
6 2 4 89
4 2 4 87
6 2 4 72
1 2 4 68
2 3 6 67
3 2 4 66
4 2 4 65
3 3 4 64
6 4 5 62
7 2 4 60
5 3 5 58
8 3 11 59
8 2 4 58
4 2 4 57
1 3 7 55
7 3 9 56
3 2 4 57
2 3 6 57
6 2 3 56
4 2 4 53
5 3 5 53
1 2 4 53
3 2 4 51
6 2 3 51
4 3 5 51
8 4 8 50
1 2 4 47
3 3 4 46
6 2 3 47
8 2 4 48
6 2 4 43
2 3 4 43
7 2 4 40
2 3 11 41
5 3 11 39
8 2 4 29
6 3 10 30
2 3 9 31
2 3 11 29
8 2 4 27
8 2 4 24
1 2 4 23
8 2 4 17
6 2 4 5
7 3 8 4
5 2 4 4
2 3 7 3
1 3 6 3
4 3 9 2
5 2 4 2
6 2 5 96
2 4 4 95
1 3 5 96
3 3 4 95
5 3 5 97
2 3 10 97
3 2 4 95
6 3 5 94
4 2 4 96
8 2 5 92
6 2 5 92
7 3 5 92
1 2 5 85
3 2 5 86
8 2 5 82
5 2 5 77
7 2 5 75
4 2 5 73
8 2 5 61
6 2 5 46
4 3 7 44
4 2 5 36
5 4 6 36
7 2 4 35
3 2 5 30
2 2 5 28
4 2 6 65
3 2 6 59
6 2 5 59
1 2 4 59
3 2 6 59
4 2 5 58
2 2 6 54
8 2 6 41
4 4 10 42
3 2 6 41
3 2 6 36
4 2 6 33
7 2 6 29
3 2 6 30
3 2 6 19
7 2 6 18
6 3 12 19
7 2 6 9
3 2 6 9
6 4 6 8
7 2 5 9
8 2 6 7
6 3 6 7
3 2 6 3
7 2 6 4
1 3 7 3
6 2 5 4
3 2 7 91
8 2 6 91
3 2 7 82
3 2 7 72
5 3 7 72
1 2 7 64
3 2 7 61
5 2 7 60
6 2 6 60
1 3 5 59
6 2 6 60
4 2 7 37
3 2 7 22
5 3 7 21
6 2 7 17
2 3 10 17
6 4 10 16
7 3 10 16
3 3 10 17
1 3 11 19
3 2 7 15
3 3 8 14
4 3 8 15
3 3 11 15
8 2 6 15
2 3 6 14
1 3 9 14
2 3 9 15
3 2 5 15
5 2 6 16
4 2 5 16
2 2 7 7
4 2 8 97
3 2 8 93
8 2 7 93
2 3 6 93
3 2 5 93
6 3 15 94
4 2 6 93
7 3 7 94
5 2 6 93
5 2 8 88
7 2 8 88
5 2 8 68
1 2 8 42
5 2 8 37
4 2 8 37
8 2 8 20
1 2 8 1
8 2 9 74
6 2 9 68
2 2 9 67
6 2 9 50
5 3 11 51
6 2 9 41
7 2 9 34
5 2 9 30
4 3 9 30
1 2 9 21
7 2 9 18
4 4 9 17
7 2 10 78
2 2 10 71
4 2 10 67
4 2 10 64
1 2 10 38
2 2 10 7
4 2 11 99
5 2 10 98
1 2 10 99
6 2 9 98
5 2 10 99
6 3 11 98
3 2 9 99
3 2 11 41
2 2 10 41
4 2 12 71
4 2 12 51
4 2 12 7
1 2 12 7
8 2 13 42
6 2 13 1
3 2 14 74
5 2 14 74
3 2 15 74
5 2 15 74
6 2 14 74
4 2 15 68
6 2 14 68
1 2 15 54
5 2 15 54
4 2 16 54
3 2 16 54
5 2 23 98