9647
2223
4 5 11 29
4 4 11 98
4 4 11 83
6 4 11 82
6 4 11 75
4 4 11 57
6 4 11 28
6 4 11 21
7 4 65 28
2 3 9 97
2 3 9 56
1 3 10 84
8 4 52 81
4 3 10 10
8 3 11 95
2 3 11 94
5 4 11 93
2 4 17 94
2 4 75 94
1 4 79 96
7 3 11 88
8 4 11 87
2 3 11 86
5 4 11 85
5 4 78 84
1 3 11 81
8 3 11 80
5 4 11 79
2 3 11 78
7 4 11 77
6 3 11 73
2 4 88 74
6 4 93 73
7 3 11 43
8 4 11 42
2 3 11 41
5 4 11 40
5 5 18 40
4 5 70 37
4 4 30 38
4 3 11 39
5 3 11 31
1 3 11 27
8 3 11 26
5 4 11 25
2 3 11 24
7 4 11 23
6 3 11 19
2 4 28 20
6 4 33 19
6 4 52 19
2 3 17 86
7 4 34 83
1 4 49 82
2 3 17 78
7 4 17 76
7 4 61 74
8 4 73 73
2 3 17 41
7 3 16 40
8 4 17 42
7 4 22 38
6 4 24 39
5 4 30 39
4 3 17 29
1 3 16 30
2 3 17 24
7 4 17 22
8 4 61 19
5 4 66 22
6 4 82 20
5 3 18 79
7 5 41 75
2 3 18 40
5 3 18 25
4 3 20 42
5 3 21 40
7 4 62 38
1 5 80 36
8 3 21 39
7 4 24 39
6 4 67 38
3 3 21 39
2 4 72 40
7 3 24 75
6 4 50 73
8 5 52 78
7 4 84 73
7 3 24 21
2 3 26 41
2 3 27 94
2 4 44 94
3 3 29 27
7 3 29 21
7 4 71 22
8 3 33 78
2 5 51 76
7 3 33 39
6 3 33 41
4 4 37 39
2 3 34 85
7 3 35 43
4 3 35 29
1 4 58 28
7 4 73 30
8 4 77 28
7 3 35 22
2 4 81 23
6 3 37 80
1 3 37 82
7 3 37 9
6 3 38 28
5 5 48 28
2 4 89 32
5 3 39 76
2 3 41 23
2 3 42 86
3 4 49 83
5 3 43 42
4 5 55 41
2 3 44 17
1 4 53 18
8 3 45 94
8 4 72 94
4 3 48 10
1 4 80 9
4 3 49 93
2 3 49 80
4 3 50 73
7 4 77 74
2 3 50 32
8 4 88 31
4 3 51 47
3 3 54 85
7 3 59 84
8 4 81 82
6 3 59 37
1 3 59 36
2 3 60 23
7 4 76 21
8 3 60 23
3 4 65 21
1 3 60 8
6 4 91 7
4 3 61 92
7 3 61 93
4 3 61 74
4 3 61 65
7 3 62 22
1 3 63 81
2 3 67 85
5 3 67 34
6 4 87 33
1 3 69 36
4 3 69 29
1 3 69 28
4 5 73 28
7 3 70 85
5 3 70 41
2 3 70 32
5 3 70 33
7 3 71 92
6 3 71 37
6 3 73 28
2 3 73 20
3 3 74 74
8 3 75 11
2 4 91 9
1 3 76 73
8 3 78 92
2 3 78 92
4 3 79 82
4 3 80 48
6 3 79 45
1 5 79 45
8 3 80 8
5 3 83 25
4 3 85 92
4 3 89 65
1 3 88 66
8 3 92 46
2 2 1 97
1 3 28 98
6 4 39 95
1 3 35 96
4 4 38 96
2 4 76 94
7 4 76 96
8 3 37 96
4 3 50 95
4 3 59 95
8 4 67 93
5 3 62 94
5 3 66 94
8 2 1 75
6 4 30 73
3 3 22 74
3 4 66 71
2 3 24 76
2 4 31 77
1 3 29 72
5 3 37 70
5 4 56 70
1 3 39 72
1 3 47 71
5 3 50 70
7 3 54 78
6 3 62 71
6 4 64 69
7 3 66 70
8 3 70 69
5 3 71 67
8 3 75 65
6 3 76 77
1 3 77 72
6 3 77 73
4 3 76 73
1 3 78 72
8 2 1 66
8 3 11 65
8 3 30 65
4 3 37 67
5 4 82 64
4 3 46 67
3 4 79 65
4 3 55 67
7 3 64 67
2 4 66 67
4 3 63 67
8 3 88 63
1 3 88 63
2 2 1 56
3 4 71 55
3 5 90 55
2 4 75 54
1 3 28 57
2 3 30 59
5 3 30 58
6 5 51 56
7 4 29 58
8 4 30 60
2 4 31 57
2 5 49 56
6 4 37 56
5 4 44 58
6 4 58 56
7 4 62 56
7 3 34 57
6 4 69 55
7 3 42 58
7 3 57 59
2 3 64 59
5 3 64 57
7 5 64 58
6 4 73 54
4 3 64 58
1 3 77 54
8 2 1 21
8 3 74 21
4 3 75 23
7 3 77 23
6 3 77 25
7 2 2 47
6 3 30 48
8 4 81 46
6 3 38 48
3 3 61 45
4 3 81 47
2 2 3 89
3 4 15 87
1 3 12 87
5 4 22 88
5 6 81 88
1 4 39 86
6 5 60 84
8 3 15 86
4 4 60 83
4 3 31 91
8 3 42 87
1 3 42 85
4 3 73 86
1 3 77 81
1 3 87 90
3 2 3 83
5 3 18 84
3 4 72 83
7 3 17 85
5 4 40 85
6 4 61 83
4 3 29 85
8 4 66 87
7 4 71 86
3 4 70 87
1 3 29 82
7 3 38 85
2 3 39 87
1 3 46 88
2 3 65 82
7 3 66 84
6 4 69 82
2 3 68 84
6 3 77 87
7 2 3 76
3 4 12 74
7 3 12 74
6 5 14 75
2 4 32 76
5 5 43 76
4 3 15 78
4 5 65 76
8 3 29 77
5 3 40 79
1 4 81 79
4 3 42 74
8 4 47 73
3 3 49 79
1 3 53 72
2 3 56 72
6 3 61 73
4 3 65 74
3 3 67 74
8 3 67 74
5 3 84 70
7 2 3 67
7 4 51 67
7 3 33 67
2 5 79 66
7 3 41 67
6 3 51 70
3 3 60 65
4 4 66 65
6 3 61 64
7 4 68 65
7 3 74 66
6 3 74 66
6 3 83 63
2 2 3 53
2 3 13 52
2 3 52 52
3 3 53 53
3 3 62 53
5 3 68 54
4 4 68 54
7 3 69 52
2 2 3 44
3 4 15 42
5 4 22 43
1 4 82 43
1 3 12 42
6 4 53 44
7 4 74 45
7 3 42 41
6 3 42 43
6 3 53 41
6 3 77 45
8 3 80 44
4 4 80 44
3 2 3 38
2 4 20 38
1 4 20 39
2 4 32 39
6 5 32 39
1 5 50 37
1 3 21 37
8 5 22 36
6 4 49 36
1 3 22 40
2 3 34 37
5 4 37 34
4 3 49 35
1 3 57 36
6 3 59 36
3 3 59 36
5 3 70 35
7 3 85 34
7 2 3 22
3 4 12 20
7 4 38 20
7 3 12 20
6 5 14 21
4 3 15 24
6 4 50 21
1 4 65 19
3 4 85 17
2 3 26 21
4 3 45 21
4 4 65 22
3 4 65 17
1 3 50 24
2 3 60 25
3 3 61 25
7 3 62 25
3 3 62 21
7 3 66 22
1 3 85 27
3 2 4 89
5 3 15 89
4 3 37 91
7 3 47 93
7 3 49 94
4 3 73 94
6 2 4 83
2 3 41 82
6 2 4 78
8 3 56 77
2 3 56 77
7 5 56 76
5 4 56 78
2 3 56 81
5 3 63 75
1 3 65 75
6 2 4 69
3 2 4 53
3 3 13 53
3 3 18 51
6 4 55 52
1 4 59 55
8 4 60 51
6 3 23 54
1 3 26 54
1 5 34 53
5 4 39 52
5 3 29 52
2 4 40 51
7 4 43 48
2 3 30 51
7 4 30 50
7 5 37 50
8 7 61 46
5 4 57 49
1 3 47 54
8 4 48 55
6 3 49 47
8 3 55 56
2 3 61 50
8 3 63 57
2 3 72 46
3 3 72 47
2 3 75 46
8 3 77 50
2 3 78 50
7 4 82 49
3 2 4 44
5 3 15 44
4 3 21 44
3 3 30 45
4 3 34 45
4 3 38 44
1 3 49 43
8 3 50 47
5 3 51 43
8 3 51 41
6 3 57 43
3 3 57 41
5 4 63 43
1 3 62 45
3 3 61 45
4 3 63 44
5 3 72 49
7 2 4 29
7 4 10 29
1 3 37 27
4 4 47 28
3 3 53 29
5 3 78 31
7 3 77 31
6 4 77 29
6 2 4 24
5 3 43 25
8 3 52 27
4 4 56 24
2 3 68 22
2 3 72 26
6 2 4 15
5 3 56 16
8 3 80 15
4 2 5 77
4 3 36 78
1 3 36 79
2 3 44 75
2 3 61 73
5 3 66 79
1 3 66 81
6 4 76 79
6 3 65 80
6 3 67 82
4 2 5 68
5 3 39 69
1 4 58 66
2 3 44 69
7 3 61 67
4 5 72 67
7 4 76 68
5 3 61 67
2 3 63 66
4 4 72 68
6 3 70 64
8 3 70 65
5 2 5 38
1 4 8 39
1 3 13 39
4 3 13 39
6 3 15 37
2 4 41 38
2 3 15 36
6 4 28 34
7 3 33 32
4 3 39 35
2 3 66 36
1 3 69 35
6 3 71 34
3 3 82 33
4 3 82 34
4 2 5 23
5 4 47 21
6 3 33 24
4 3 33 24
4 3 44 24
4 3 49 19
4 2 6 94
6 4 10 93
1 4 10 95
7 3 8 92
8 3 13 95
4 4 58 93
6 5 60 91
8 3 38 94
1 3 41 92
4 3 59 93
7 3 59 95
3 3 76 89
4 2 6 86
6 4 10 84
4 3 11 86
2 3 11 88
7 3 12 88
1 3 15 89
4 4 58 86
3 3 20 89
6 4 44 88
8 3 24 84
7 5 41 85
2 3 33 82
5 3 37 89
3 3 37 90
8 3 51 85
4 3 61 89
2 3 66 81
4 2 6 83
1 3 15 82
6 3 21 82
4 3 21 84
2 3 21 82
3 3 41 80
3 3 43 83
6 3 50 80
4 3 59 81
3 4 61 80
4 2 6 50
6 3 30 51
4 3 34 51
6 4 35 52
7 3 46 52
8 4 60 52
4 3 47 50
1 3 47 50
3 4 66 49
2 3 47 52
4 3 50 52
1 3 60 55
8 3 66 56
7 3 76 47
4 2 6 41
7 3 7 39
1 4 33 37
6 3 21 41
8 3 27 41
6 3 29 38
4 3 32 36
5 3 44 42
7 3 45 40
2 3 60 41
8 3 63 36
5 3 64 43
3 3 64 45
6 3 63 45
5 3 64 44
8 3 64 44
1 2 6 28
8 3 10 28
6 3 30 28
2 3 37 27
6 3 46 29
8 3 46 30
4 3 53 30
6 3 62 25
1 3 64 28
6 2 6 15
4 3 6 14
5 4 80 13
2 3 7 13
3 3 10 12
5 3 29 15
6 3 74 15
4 2 7 78
6 3 42 76
6 4 53 77
4 3 43 77
3 3 54 80
6 2 7 77
4 4 29 75
1 3 29 78
6 3 46 73
2 5 50 74
7 4 57 77
2 3 46 72
8 3 57 80
1 3 58 71
5 3 64 79
8 3 64 71
6 3 66 70
8 3 70 68
7 2 7 78
6 4 28 78
1 3 15 78
5 3 22 78
3 4 41 76
4 4 41 78
7 3 28 79
8 3 28 80
6 3 37 78
1 6 37 77
5 3 43 75
1 3 46 73
6 3 47 78
3 3 49 71
8 3 49 71
2 2 7 77
4 4 14 75
8 4 30 73
3 3 26 77
4 3 26 79
2 3 26 77
4 3 26 74
6 3 30 73
4 3 30 74
3 3 31 80
1 3 37 74
5 3 45 81
1 3 45 80
2 3 45 80
4 3 44 80
7 4 53 80
3 3 44 80
4 2 7 24
8 3 30 22
6 2 7 23
3 3 25 21
6 4 34 20
1 3 48 21
8 3 49 19
6 3 55 24
4 4 55 24
7 2 7 24
1 3 15 24
7 3 20 22
5 5 30 23
1 4 27 24
6 3 20 20
4 3 20 21
5 4 20 21
6 4 44 22
6 3 20 23
1 3 20 18
7 3 38 21
2 3 88 16
2 2 7 23
4 3 14 21
3 3 17 20
4 3 19 19
2 3 31 18
1 3 32 18
7 3 40 19
4 3 40 17
6 3 45 16
8 2 7 12
3 4 37 12
1 4 39 8
2 4 80 7
3 3 17 12
4 3 19 10
8 3 50 12
5 3 57 6
2 3 62 10
7 5 76 10
8 4 76 9
6 3 67 6
2 3 78 13
7 2 8 85
7 4 25 84
7 3 22 86
6 2 8 40
4 4 23 39
3 4 36 38
3 3 12 38
8 4 19 39
4 3 13 39
2 4 41 38
3 3 32 36
8 3 32 37
2 3 32 37
7 3 32 37
6 4 31 38
8 3 42 36
2 3 45 37
8 2 8 40
8 4 29 39
8 3 31 38
4 3 46 37
8 3 46 37
2 2 8 30
4 4 62 29
7 4 65 32
1 3 7 29
2 3 11 31
4 4 33 29
5 3 26 29
8 4 63 28
6 3 54 28
3 2 7 29
6 3 7 29
6 4 10 28
4 3 9 28
3 3 20 30
6 4 33 28
8 3 26 28
2 3 29 31
4 3 30 26
3 3 30 26
8 4 30 26
5 4 42 24
6 3 33 33
3 3 47 28
6 3 48 29
5 3 56 25
5 3 81 33
4 2 8 31
8 3 11 32
7 3 20 30
7 4 51 29
8 3 31 29
3 3 43 33
1 2 8 29
7 3 28 28
2 3 50 30
7 2 8 15
5 3 8 15
4 4 75 13
7 3 9 14
4 4 83 15
6 3 9 16
2 3 16 12
6 3 47 10
8 3 47 8
1 4 47 8
3 3 48 11
5 3 48 13
4 3 53 16
1 3 53 15
8 3 60 13
7 3 67 16
3 3 68 12
6 3 69 12
1 3 80 7
7 3 89 6
4 2 8 15
7 3 22 14
7 3 55 13
1 4 59 12
3 3 57 11
7 3 59 12
6 3 64 9
4 3 65 10
5 3 68 11
4 3 73 11
5 3 73 7
7 2 9 98
5 3 10 99
4 3 14 98
1 3 36 95
1 3 63 96
7 3 70 99
5 2 9 95
6 3 28 96
2 3 28 94
4 2 9 95
1 3 27 94
1 3 43 95
3 2 8 94
4 3 17 95
4 3 25 94
2 3 46 92
1 3 58 90
8 3 71 91
6 2 8 95
6 3 17 96
4 3 29 98
2 5 50 97
2 4 30 98
3 4 40 97
7 3 58 98
4 4 68 97
4 3 60 98
3 2 8 96
6 3 21 94
4 3 21 95
8 3 20 96
5 3 28 93
7 3 29 93
6 4 53 91
4 3 29 93
6 3 29 95
6 3 31 93
6 3 33 92
1 3 52 90
4 3 52 89
7 3 67 92
4 2 9 93
8 3 9 92
7 3 11 92
7 3 19 94
8 3 18 92
2 3 18 92
7 4 38 93
6 4 38 95
7 3 19 92
5 3 23 94
8 4 28 94
2 3 23 96
3 3 40 92
8 3 53 97
3 3 56 92
6 3 58 97
2 3 70 98
2 2 8 92
3 3 8 92
5 3 10 93
3 3 17 93
8 3 52 91
5 3 59 89
4 3 64 89
6 4 64 90
1 2 8 93
8 3 35 91
5 3 39 93
8 3 57 89
6 3 58 89
8 3 65 89
6 2 8 91
2 4 33 91
1 4 33 91
6 3 17 90
3 3 30 92
5 3 65 89
1 2 8 91
2 3 16 92
2 3 32 91
2 3 55 89
4 2 8 92
3 3 31 92
7 4 32 93
4 3 33 90
3 3 34 91
4 3 37 88
6 3 37 89
1 4 53 89
2 3 55 86
1 3 56 86
3 2 9 92
3 3 11 91
8 3 11 91
1 2 9 93
3 3 20 93
3 2 9 76
8 3 13 74
1 3 27 74
8 2 8 75
2 3 10 75
5 3 16 76
7 4 30 74
5 3 21 73
6 3 22 76
4 3 27 75
4 2 8 74
6 3 14 74
6 4 24 74
1 3 19 76
2 3 30 71
3 4 60 69
4 4 60 70
8 2 8 73
1 3 15 73
5 3 42 71
4 2 8 73
1 3 8 74
5 3 8 75
4 3 8 76
6 3 29 73
6 2 7 74
1 2 7 74
7 3 10 74
4 3 10 76
2 3 12 72
3 3 14 75
7 4 32 76
4 3 25 75
5 2 8 75
8 5 10 73
1 3 19 71
3 2 8 72
3 4 14 72
7 4 19 74
4 3 14 73
1 2 8 71
1 3 46 70
5 3 46 72
2 3 45 73
4 4 45 71
2 3 56 69
1 3 57 70
4 2 8 72
5 3 16 70
4 3 30 73
6 3 46 69
8 3 58 68
1 3 59 67
2 2 9 74
6 3 21 75
3 3 39 77
4 2 9 65
6 3 64 65
2 3 72 63
6 3 72 65
6 2 9 66
6 5 35 64
3 3 31 64
7 3 31 65
1 4 39 63
7 3 37 67
2 3 37 68
5 3 42 69
5 4 58 68
1 3 46 63
6 4 50 64
6 3 48 61
3 3 52 59
4 3 52 61
4 4 77 61
6 3 60 61
4 4 60 60
2 3 59 61
1 4 67 62
5 3 63 61
4 3 68 63
3 3 68 62
5 3 70 60
3 3 71 59
6 3 80 60
7 2 9 57
5 3 10 58
7 4 16 55
4 3 14 57
2 4 54 56
6 4 66 57
2 3 15 55
5 3 16 57
6 3 16 54
1 4 16 54
5 3 20 53
3 3 23 57
7 5 61 55
7 4 70 59
6 3 23 55
5 4 47 53
4 3 23 55
4 3 28 55
6 3 46 51
6 3 53 52
5 3 68 51
6 2 9 39
8 3 9 38
2 4 10 39
3 4 13 38
1 3 10 37
4 3 11 36
1 3 27 36
3 2 9 22
8 3 13 20
2 3 35 20
8 2 8 21
2 3 10 21
7 3 24 22
3 4 32 21
4 4 32 21
1 3 27 19
3 3 36 18
1 3 41 16
4 3 60 14
2 4 61 14
7 3 65 14
4 2 8 20
4 2 9 19
1 3 9 18
5 3 17 17
5 4 39 18
6 4 45 18
6 3 39 20
2 4 39 19
5 3 49 17
8 3 50 17
4 3 56 17
3 3 75 16
6 2 10 88
6 3 24 87
2 4 55 88
4 3 30 87
7 3 42 86
6 3 42 88
8 2 10 89
8 2 10 84
2 3 42 85
1 3 47 85
3 3 48 85
4 2 10 82
8 3 9 82
1 4 18 81
6 2 8 82
5 3 46 82
2 2 8 82
5 3 31 82
4 5 34 80
4 3 47 79
5 2 7 81
4 3 11 81
4 4 29 82
8 4 34 82
6 3 11 83
2 3 32 83
6 3 32 84
8 4 46 83
7 3 37 83
4 3 41 83
4 2 9 82
1 3 23 80
2 3 24 79
5 3 48 79
8 2 9 82
6 2 10 78
4 2 10 78
8 3 33 78
3 2 10 76
1 2 10 64
1 3 19 63
1 3 55 63
3 2 9 64
5 3 71 62
2 2 9 65
5 2 9 63
6 3 28 61
7 3 35 59
6 3 58 59
7 3 75 61
4 2 10 62
5 4 52 61
4 3 55 63
2 3 62 59
3 2 10 46
8 3 37 46
4 3 37 48
1 3 58 48
4 3 58 47
2 3 58 47
1 2 10 46
1 4 32 45
2 3 20 45
4 4 47 45
2 3 35 47
4 3 55 44
6 3 60 43
6 2 10 41
7 4 17 39
4 3 29 40
7 3 49 42
2 3 55 44
6 2 10 33
6 2 10 24
7 3 39 23
4 3 39 24
5 3 51 25
4 2 10 24
5 3 33 24
6 3 33 24
1 4 51 25
7 3 33 25
8 3 33 25
6 3 47 25
6 2 10 11
5 4 16 12
6 3 15 9
1 4 64 11
2 3 15 8
6 3 19 9
5 3 27 6
1 3 28 7
6 5 39 7
1 4 83 5
8 3 29 12
5 3 36 9
8 3 53 7
6 4 62 8
2 3 60 10
3 3 65 8
7 3 68 6
4 3 67 4
3 3 67 5
8 3 69 5
5 3 71 3
7 3 70 3
4 3 69 1
8 3 86 5
4 3 88 1
8 2 9 10
4 4 67 8
4 3 20 10
5 3 27 11
3 3 52 9
2 3 55 13
2 2 9 10
5 3 52 9
4 3 53 7
5 3 61 8
8 3 76 6
2 2 11 100
7 3 24 98
3 3 25 96
5 2 11 92
1 3 28 93
2 2 11 90
5 2 11 79
8 2 11 80
6 2 11 78
2 2 11 75
1 2 10 75
6 2 11 63
3 3 32 63
5 3 33 62
4 4 35 62
4 3 45 62
7 4 48 61
8 3 49 64
5 3 54 60
4 3 60 58
7 2 11 61
8 2 11 60
1 3 36 58
2 3 59 56
6 2 10 60
2 3 11 59
4 4 17 57
5 3 20 59
5 3 56 61
1 3 65 61
6 2 11 56
2 3 18 57
1 3 23 59
4 3 29 59
4 3 37 55
1 3 39 61
6 4 44 59
2 3 39 55
8 3 45 62
2 3 46 64
2 3 50 57
4 4 53 59
8 4 54 62
3 3 50 54
1 2 11 55
4 3 39 53
8 3 48 53
5 3 48 54
4 3 48 54
4 3 51 55
7 3 62 52
4 2 11 42
2 3 11 43
1 4 15 43
7 3 12 43
1 3 20 45
1 3 21 41
5 4 42 42
7 3 27 41
8 3 35 40
2 3 41 42
8 3 41 44
6 2 10 43
6 4 28 42
6 4 42 42
7 4 43 43
3 3 23 42
6 3 29 45
3 3 33 47
7 4 33 46
1 3 40 46
3 3 40 44
8 3 44 41
4 3 44 42
2 3 47 49
7 3 47 46
3 3 47 48
4 3 63 50
8 4 66 49
8 2 10 44
4 3 14 45
7 4 27 46
3 3 16 44
2 3 20 42
5 4 22 44
4 3 22 43
7 3 22 40
2 3 26 41
4 4 33 38
7 3 39 48
2 3 39 49
1 3 44 47
4 3 54 49
6 2 11 44
6 3 41 42
1 3 41 42
5 2 11 39
7 2 11 40
5 3 20 40
7 3 19 37
5 3 26 37
4 3 38 41
5 2 11 40
5 3 21 40
2 3 40 42
3 2 11 40
3 4 19 39
7 2 11 34
5 3 28 33
7 3 41 34
1 3 44 34
2 3 44 34
5 3 61 34
7 3 61 33
5 3 60 34
8 3 60 34
4 2 10 34
6 3 16 33
8 4 40 33
2 3 31 31
2 3 38 35
5 4 38 36
7 3 42 30
6 2 10 35
5 3 38 34
4 3 44 35
5 3 46 36
6 3 51 32
4 3 55 34
5 2 11 25
5 3 19 24
6 4 49 25
6 3 20 24
8 3 25 24
2 3 29 23
1 3 33 25
7 3 42 25
8 2 11 26
7 3 23 24
2 3 26 22
1 3 37 26
8 3 53 26
6 2 11 24
1 3 24 23
2 2 12 98
7 3 25 97
2 3 51 97
3 3 51 98
8 2 12 99
5 3 23 99
5 3 37 99
7 3 36 99
7 3 44 97
8 4 58 97
1 2 12 98
6 3 45 98
6 2 12 89
4 3 35 87
3 3 35 89
1 3 44 85
4 2 12 90
2 4 34 88
8 3 22 91
5 3 23 93
2 3 27 94
7 3 26 94
1 3 39 90
1 2 12 91
5 3 38 89
5 3 39 87
4 3 40 87
8 2 12 73
4 4 19 73
2 2 11 73
8 3 24 73
5 2 12 71
2 3 44 69
7 3 44 70
1 3 47 69
2 3 46 66
6 3 53 67
2 3 63 68
7 2 12 67
4 2 12 60
7 3 13 60
7 3 24 61
8 3 34 60
6 3 44 60
7 3 51 59
6 3 53 62
8 3 53 62
7 2 12 31
3 3 22 29
2 3 32 29
6 3 40 32
1 3 40 32
5 2 12 31
8 3 11 30
5 4 39 30
4 4 39 33
2 4 52 32
7 3 30 31
2 4 38 32
3 3 44 29
4 2 11 30
1 2 11 29
2 2 12 31
3 2 13 97
8 3 49 96
3 2 13 82
5 3 13 81
2 4 28 79
3 3 21 79
8 2 13 80
5 3 20 79
8 3 21 77
7 2 13 66
4 3 15 65
1 3 51 64
3 3 53 66
1 3 55 64
6 2 13 59
6 3 15 60
5 3 24 62
1 3 24 63
5 4 39 60
7 4 39 58
2 3 25 64
2 3 30 59
1 4 39 59
2 4 52 62
1 3 30 58
8 3 40 64
8 2 13 52
5 3 29 51
8 3 38 52
4 3 38 51
1 3 59 50
6 3 60 51
6 2 13 44
1 3 21 45
2 2 13 43
6 3 14 44
6 3 16 44
8 3 18 46
8 4 38 46
5 5 37 45
3 3 19 42
1 3 37 45
2 3 37 45
8 2 13 42
1 3 31 42
7 2 13 43
1 3 16 42
8 3 16 44
8 4 24 44
2 3 19 41
1 3 23 45
6 3 22 46
2 3 25 44
8 2 13 26
1 3 18 26
4 3 31 25
3 3 39 26
4 3 53 26
5 2 14 98
2 3 18 98
8 3 30 96
3 3 46 97
6 3 48 98
8 2 14 98
4 4 31 97
3 3 19 98
6 2 14 78
1 3 17 76
6 3 19 79
7 3 19 79
6 5 24 77
8 3 19 79
8 3 32 80
4 2 14 77
3 2 14 78
6 2 14 66
7 3 40 67
2 2 14 65
5 3 14 66
2 4 18 66
6 4 47 66
6 3 34 66
6 4 38 67
3 3 36 66
5 3 44 68
8 3 45 67
7 2 14 66
8 3 24 64
4 2 14 67
3 3 25 67
3 2 14 62
3 3 21 61
2 3 30 61
1 3 39 63
3 3 38 62
6 3 41 61
8 2 14 63
2 3 35 63
7 3 36 64
5 3 36 63
5 2 14 63
4 4 19 63
2 3 26 64
4 4 30 61
3 2 14 64
4 3 36 65
8 4 36 67
7 3 39 67
4 3 39 69
5 2 14 53
1 4 38 51
5 4 38 54
5 3 32 51
1 2 14 51
4 4 27 51
7 3 20 50
6 3 45 47
6 3 52 51
3 2 14 35
7 3 38 34
8 2 14 36
3 3 26 35
3 3 37 33
6 2 14 27
5 3 41 25
4 3 44 26
4 2 14 28
8 3 13 28
2 3 25 28
3 3 25 29
1 4 24 30
4 3 23 30
5 3 32 28
6 2 12 28
2 3 12 28
2 4 32 30
7 3 18 29
5 3 46 26
1 2 12 28
8 2 13 28
2 3 44 28
1 3 45 27
5 2 14 27
4 2 14 28
2 2 13 28
3 2 14 27
3 3 40 26
4 2 14 13
8 3 61 12
1 2 14 14
7 3 14 13
4 3 36 11
5 4 52 13
1 3 49 10
5 2 14 15
2 3 25 14
7 3 37 14
6 4 50 12
8 2 14 12
3 3 54 11
1 2 15 97
4 3 15 98
7 2 15 93
4 2 15 82
8 3 15 82
3 3 15 83
3 4 22 83
8 3 37 84
5 2 15 79
1 3 23 78
5 3 26 80
8 2 15 80
8 3 24 80
7 2 15 80
6 2 15 79
4 2 15 80
1 3 20 80
5 2 15 79
2 2 15 79
3 2 15 66
6 3 38 64
1 2 15 60
8 3 29 59
8 2 15 57
4 2 15 42
3 3 24 42
3 3 29 43
7 3 29 43
7 2 15 32
1 2 15 29
8 2 15 26
4 3 21 25
6 4 23 24
8 4 36 26
5 2 14 26
3 3 17 26
7 2 15 10
2 4 25 9
8 3 25 9
2 3 30 12
7 4 54 10
7 3 43 12
4 3 46 11
3 3 58 14
5 2 16 93
1 2 16 90
6 3 20 91
8 3 27 89
8 2 16 73
6 2 16 69
5 3 28 69
8 3 41 71
2 3 48 70
4 2 16 69
6 3 26 68
4 3 43 70
1 3 43 70
5 3 43 71
7 2 16 46
4 2 16 27
8 3 16 28
4 5 31 26
1 3 21 27
5 3 31 25
5 3 36 25
6 2 15 28
2 4 15 28
5 3 17 26
6 3 22 30
7 3 21 27
6 3 23 29
1 3 22 29
3 3 23 25
6 3 26 28
8 2 16 28
2 3 20 28
2 2 16 29
3 2 16 7
7 3 40 6
4 3 61 6
5 2 17 95
3 2 17 80
4 2 17 81
6 3 20 79
7 3 21 79
5 2 17 76
3 4 21 74
8 3 17 75
3 3 16 76
7 3 21 72
7 2 16 77
1 3 15 76
2 3 22 78
5 2 15 75
1 3 16 75
6 3 15 73
1 3 21 72
8 2 15 76
5 3 14 76
2 2 15 72
4 3 40 71
4 2 15 71
3 2 15 72
8 3 15 71
4 3 21 69
2 4 23 67
2 3 33 66
5 3 33 66
6 2 14 70
4 2 16 77
2 2 16 75
7 2 17 76
8 2 17 77
5 2 17 67
7 3 17 67
7 3 21 68
7 3 40 68
2 2 17 45
7 3 24 43
4 4 24 42
7 3 23 43
3 2 17 46
6 4 33 45
5 3 17 45
5 3 21 44
1 4 22 45
3 3 21 44
4 2 16 45
2 3 19 45
8 4 19 44
8 2 16 46
4 2 17 35
1 3 20 36
4 3 20 37
2 2 17 36
2 3 19 34
1 3 49 34
4 2 17 31
1 2 17 32
3 3 22 30
4 3 28 31
4 2 17 23
2 2 17 24
3 2 17 18
6 3 34 18
1 5 57 16
6 5 62 14
1 3 38 18
6 3 38 15
7 4 38 15
1 3 68 17
8 2 17 19
8 3 34 17
5 3 34 17
5 3 37 15
4 3 37 15
2 3 38 14
1 4 56 15
5 3 50 18
6 2 17 18
3 4 36 18
4 3 27 18
4 4 33 16
8 4 34 17
6 4 36 15
3 3 34 16
1 3 45 18
1 3 52 18
6 3 58 16
8 2 16 17
4 3 16 16
1 3 31 18
3 3 44 18
5 3 44 16
3 3 47 14
5 3 51 18
1 2 16 16
1 3 19 16
6 3 21 18
6 3 23 15
8 3 27 19
2 3 30 21
2 3 31 19
7 3 37 19
2 2 16 15
5 3 44 15
5 2 18 95
6 3 25 96
6 3 29 97
6 2 18 95
2 3 19 94
1 3 21 94
3 3 25 95
5 3 25 95
2 3 24 95
1 3 37 96
7 2 18 94
3 2 17 94
1 2 18 93
4 2 17 93
7 2 18 82
6 3 22 83
7 3 22 83
2 3 25 81
7 3 41 85
3 2 18 71
2 2 18 72
6 2 18 66
4 3 20 66
3 3 22 66
6 3 24 68
1 2 17 65
1 3 20 64
4 3 22 65
5 2 18 66
5 3 20 65
8 3 37 64
3 2 18 67
8 2 18 53
5 3 17 52
3 3 37 50
5 3 56 48
7 3 56 49
6 3 55 50
1 3 56 48
1 2 17 52
1 4 47 52
3 3 19 53
2 3 19 55
8 3 19 55
8 3 19 53
7 3 22 50
4 3 42 48
6 2 18 52
2 3 30 51
1 2 18 43
8 2 18 28
5 2 18 28
7 2 18 25
4 2 17 24
3 2 17 24
8 2 17 24
6 2 18 16
6 3 36 15
1 2 19 98
4 3 19 97
5 3 19 98
4 3 20 95
1 3 25 96
6 2 19 96
1 3 19 97
7 3 34 96
3 3 36 97
6 2 18 97
7 2 19 98
5 3 36 98
2 2 19 98
7 2 19 85
4 3 27 83
5 3 39 85
6 2 19 86
2 2 19 86
3 2 19 70
7 3 27 68
3 3 36 68
7 2 19 65
6 2 19 66
4 2 19 60
2 2 19 46
6 2 19 43
4 2 19 42
8 2 19 37
3 3 36 36
3 2 19 38
7 2 19 35
8 2 19 28
8 2 19 26
6 2 19 15
4 3 28 13
5 2 20 96
3 2 20 95
6 2 20 95
4 2 20 80
3 3 20 79
4 2 20 72
3 2 20 71
8 2 20 71
5 2 20 69
8 2 20 70
1 2 20 70
6 2 20 69
7 2 20 64
7 3 34 63
4 2 20 57
5 3 23 58
4 3 23 57
8 3 23 58
3 2 20 45
1 3 24 46
5 2 20 46
1 2 20 45
5 2 19 44
6 2 20 36
1 2 20 36
2 3 41 36
8 2 20 35
4 3 20 33
6 3 26 32
8 3 42 35
4 2 20 19
5 4 25 17
6 3 45 17
8 2 20 6
2 3 30 7
4 3 39 8
3 3 39 6
8 3 43 10
7 2 21 92
6 2 21 88
5 3 32 87
8 4 32 88
3 4 30 89
5 3 30 90
2 3 33 86
4 2 21 84
5 3 21 85
4 3 38 83
6 2 21 85
8 3 21 84
3 3 20 85
5 3 23 84
4 2 21 86
3 3 29 84
5 2 21 63
8 3 21 64
3 3 25 65
6 3 31 63
3 3 30 63
5 3 41 61
8 2 21 53
6 3 44 53
8 2 21 47
3 3 33 48
8 2 21 39
5 2 21 35
8 2 21 35
3 3 39 36
4 3 38 35
8 2 21 32
2 2 21 33
2 2 21 25
8 2 21 25
2 2 21 22
4 3 23 21
3 4 35 20
4 2 21 22
3 3 21 20
8 3 35 18
6 3 35 19
2 3 34 18
8 2 21 22
1 2 21 18
8 4 29 17
4 3 32 19
7 3 32 19
2 3 35 18
8 3 38 16
4 2 21 15
6 2 21 9
3 3 31 7
4 3 39 6
2 3 40 6
5 2 22 73
8 2 22 73
8 2 22 71
3 2 21 71
4 2 22 66
4 2 22 62
8 4 24 62
6 2 22 54
8 2 22 53
8 2 22 49
5 3 33 47
7 2 22 33
8 5 29 31
3 3 29 31
4 2 22 33
8 2 22 19
4 3 35 18
4 2 22 10
6 3 36 9
8 2 23 71
8 3 30 70
1 3 36 70
5 2 22 71
6 3 26 70
5 4 29 69
4 2 23 69
2 2 23 65
3 2 23 58
3 3 28 57
6 3 30 57
4 3 32 59
2 3 32 58
8 4 32 59
2 3 31 60
4 2 23 57
7 2 23 13
6 2 23 14
3 3 25 13
7 3 26 13
3 3 32 12
5 3 41 12
1 3 45 11
1 2 23 15
3 2 23 12
4 3 39 13
6 3 44 12
7 2 23 5
8 3 40 5
1 4 83 2
5 4 85 3
5 3 41 3
5 3 59 1
2 3 67 4
2 3 81 4
7 3 81 3
6 2 23 6
2 3 64 5
1 3 65 3
6 3 65 1
5 2 24 89
7 4 33 87
6 2 24 83
1 2 24 64
5 2 24 60
8 2 24 22
3 3 25 20
3 2 24 17
8 2 24 14
2 3 24 15
2 3 25 14
4 3 36 15
3 2 25 96
3 2 25 62
5 2 25 63
1 3 37 61
5 2 25 58
7 3 25 57
2 2 25 49
3 3 52 49
6 2 25 35
4 2 25 36
6 3 28 35
5 3 34 36
1 3 41 33
8 2 25 22
5 2 25 22
7 2 24 21
8 3 29 19
8 2 25 15
6 3 28 13
1 3 28 14
8 4 28 13
4 2 24 15
2 2 26 97
5 2 26 98
6 2 25 98
2 2 24 98
4 2 24 98
1 2 24 98
1 2 26 99
8 2 26 82
3 2 26 72
7 2 26 52
2 3 35 52
4 2 26 22
6 2 26 20
1 2 26 19
5 2 26 16
2 3 30 14
7 2 26 16
5 3 28 15
2 3 31 16
3 3 31 17
5 3 30 18
8 6 30 16
7 3 30 16
3 2 26 8
5 3 37 6
2 3 57 4
6 2 26 8
1 3 35 6
6 3 57 6
4 3 57 7
3 3 57 7
5 3 57 8
3 2 27 71
5 2 27 34
5 3 30 33
8 3 31 35
8 2 27 35
2 3 27 33
7 3 28 32
4 3 28 33
6 2 27 32
6 2 27 25
6 2 27 21
7 2 27 16
8 2 27 15
5 2 27 8
1 3 54 6
3 2 28 99
2 2 28 100
6 2 28 87
2 2 28 84
4 2 28 85
8 2 28 71
5 2 27 71
4 2 27 71
8 2 26 71
3 2 28 35
6 3 31 33
1 2 28 34
4 2 28 33
1 3 33 31
6 2 27 33
7 3 27 34
2 3 34 33
4 2 28 33
8 2 27 32
8 2 28 15
8 2 28 2
3 3 58 2
8 3 72 1
4 2 29 99
7 2 29 91
8 2 29 89
3 3 33 89
6 3 36 90
7 2 29 88
8 2 29 55
1 2 29 37
2 2 29 37
4 4 29 35
6 2 29 17
4 2 29 17
2 2 29 16
7 2 29 16
2 2 29 4
7 3 40 3
4 3 53 4
3 3 63 2
2 3 62 2
8 4 61 3
4 3 65 2
8 2 29 5
4 3 29 5
5 3 52 6
7 3 63 4
1 2 28 4
1 3 29 5
6 4 33 3
3 3 31 4
5 3 31 2
2 4 40 2
2 3 35 4
1 3 46 6
6 3 53 5
3 3 54 7
8 3 54 2
1 4 55 1
6 3 60 5
6 2 28 5
2 4 29 4
7 3 30 4
4 3 28 4
6 4 35 4
8 3 30 5
8 3 41 5
2 3 50 2
6 3 57 3
4 3 75 1
5 2 27 5
5 3 44 4
5 3 52 5
1 2 27 4
4 3 49 5
3 2 29 2
3 3 61 1
2 3 61 1
2 2 28 2
3 3 37 2
7 3 40 2
6 2 28 3
3 3 46 4
4 3 49 3
8 2 29 2
8 3 35 2
8 3 38 1
4 2 29 3
6 3 41 3
8 2 30 99
5 2 30 57
4 2 30 56
6 3 30 55
5 2 30 52
4 3 34 53
7 3 34 55
3 3 42 52
3 2 30 53
8 2 30 50
7 3 43 49
6 2 30 34
1 2 31 47
3 2 31 34
5 2 32 50
6 2 32 47
3 2 32 48
3 3 41 47
2 2 32 48
5 3 35 48
5 3 41 49
5 2 31 48
2 2 32 31
3 3 33 31
7 3 33 32
4 4 32 31
6 2 32 33
3 2 33 56
2 2 32 55
7 2 32 56
8 2 32 54
1 3 37 53
6 2 33 54
4 3 41 52
2 2 33 53
2 3 41 52
5 2 33 54
3 3 33 53
5 3 36 52
8 2 33 55
2 3 33 55
4 2 34 60
7 2 34 50
6 3 33 49
2 3 41 47
7 2 32 50
1 3 31 50
1 2 32 51
4 2 32 51
3 2 31 51
4 2 33 49
8 3 32 49
7 2 31 49
3 2 35 56
6 2 35 48
3 2 36 90
5 2 35 90
4 2 35 90
7 3 35 91
8 2 36 62
6 2 36 48
7 2 36 37
8 2 36 37
1 2 36 37
7 2 36 4
6 2 36 5
4 2 36 5
1 3 36 5
5 2 36 5
7 2 36 6
6 2 36 1
5 3 36 1
3 3 36 3
7 2 37 61
3 2 37 53
4 2 37 12
2 2 37 6
7 2 37 3
4 3 37 2
6 2 36 3
2 2 36 4
8 2 38 87
5 2 38 87
1 2 38 88
6 3 38 87
2 3 38 87
7 2 37 88
5 2 36 88
6 2 36 87
6 2 38 47
1 2 39 90
5 2 39 49
4 3 38 48
2 2 39 9
2 3 41 8
7 2 39 10
2 3 43 10
3 2 40 99
7 2 40 10
4 2 40 9
3 2 40 10
1 2 39 10
8 3 39 9
8 2 41 12
5 2 41 11
4 2 41 6
6 3 49 7
4 2 42 87
5 2 44 61
1 2 44 2
5 2 45 13
7 2 48 9