16198
2443
2 10 41 81
6 10 59 40
6 9 18 87
3 9 99 28
4 8 6 93
6 8 35 44
8 7 7 65
1 8 78 65
5 7 15 49
3 7 21 40
4 7 23 61
5 7 27 2
1 7 36 71
1 7 56 14
6 7 62 63
7 7 77 32
1 6 4 55
7 6 8 20
4 6 9 73
1 8 10 70
4 6 15 64
3 6 16 80
6 7 94 80
4 6 17 14
6 6 37 37
6 6 42 43
6 6 72 5
4 6 80 91
3 6 80 6
6 6 82 59
4 7 93 60
1 6 84 84
3 6 84 41
7 6 89 54
4 6 97 34
6 5 8 76
6 6 56 77
2 5 8 12
8 6 38 6
4 5 9 36
5 5 11 61
2 5 12 92
3 6 80 94
2 5 12 32
7 5 14 69
8 5 17 41
4 5 19 92
8 6 82 94
4 6 90 94
5 5 19 9
7 6 29 8
2 6 37 10
8 5 16 10
3 5 21 56
1 8 67 53
4 5 28 23
5 6 91 22
4 5 30 1
2 5 31 10
5 5 34 74
3 5 38 38
5 5 42 99
7 5 43 19
1 5 48 78
3 5 49 91
2 6 53 92
4 5 49 61
5 7 77 56
6 6 77 57
3 5 50 3
1 7 51 4
6 5 51 91
3 5 53 1
7 5 54 44
3 5 62 91
7 5 60 90
4 5 63 63
7 5 64 61
6 5 64 18
4 5 75 19
5 5 75 15
8 5 76 96
4 5 81 46
5 5 85 15
4 5 88 31
7 5 90 68
4 5 91 33
8 4 1 83
6 4 4 78
3 5 54 77
5 4 4 30
4 5 75 32
2 5 77 30
7 4 4 23
1 5 62 21
6 4 5 83
8 4 5 80
2 4 5 1
3 4 3 2
3 5 64 2
1 4 6 74
5 5 8 74
1 4 6 68
2 5 11 68
3 5 35 66
7 5 71 64
5 5 77 64
4 4 6 51
3 7 27 50
2 6 88 54
4 4 8 33
3 5 11 34
6 5 36 37
1 5 54 37
6 5 80 39
1 4 8 21
4 5 68 19
7 4 10 15
1 5 86 17
3 4 11 68
6 5 30 67
3 5 32 70
4 4 12 70
8 5 85 70
7 4 12 29
8 5 50 30
8 5 90 27
3 4 12 26
7 8 87 26
3 7 41 26
5 4 13 96
5 5 55 96
3 5 72 98
4 5 82 99
2 4 14 21
5 5 55 21
4 7 56 20
2 4 15 35
4 6 58 35
4 4 15 22
3 4 16 41
4 5 59 41
3 4 16 5
8 5 23 3
6 4 17 57
7 4 16 55
3 4 17 28
6 4 18 93
6 4 18 53
6 4 19 71
1 5 39 71
6 4 21 93
5 5 90 95
6 4 21 90
2 7 47 89
8 6 52 88
7 4 21 21
8 4 22 99
6 5 22 98
4 4 20 98
2 5 47 97
2 4 22 40
4 5 33 40
6 4 23 88
6 5 38 87
7 4 23 80
6 5 22 80
3 5 24 83
6 5 24 84
1 5 32 78
3 4 23 29
3 5 49 31
3 4 24 58
6 5 82 59
8 4 25 76
4 4 25 67
7 5 36 68
7 4 25 55
2 5 50 55
5 4 26 43
5 7 41 43
6 5 47 43
8 4 25 40
2 4 26 42
2 4 27 64
1 6 58 63
8 4 26 65
2 6 75 68
4 4 25 66
2 4 27 23
3 6 39 21
5 4 28 51
8 5 36 49
5 4 28 11
7 5 42 12
2 5 50 10
4 5 63 9
7 5 70 7
5 5 73 5
1 5 81 11
7 4 31 79
5 5 45 81
4 5 77 81
3 4 31 43
3 4 31 32
1 4 32 97
4 4 33 83
7 4 33 53
4 4 34 80
3 4 37 84
4 4 37 70
8 4 37 69
7 4 37 13
8 5 42 12
7 4 38 98
3 5 37 96
2 4 40 38
7 4 40 2
2 5 44 4
5 7 86 3
3 4 41 11
7 4 42 51
4 6 58 50
2 5 76 48
7 4 43 7
5 4 42 5
7 4 45 25
3 4 46 65
7 4 47 98
7 5 54 100
4 4 48 38
5 5 62 36
3 4 48 39
5 5 67 38
8 4 48 39
7 4 48 1
3 4 48 2
1 5 60 4
2 4 51 66
2 4 52 3
1 4 53 52
6 4 51 53
2 4 51 51
4 4 53 31
1 4 53 19
8 4 54 67
7 4 55 42
6 4 55 25
7 5 73 23
5 5 83 26
8 4 55 26
6 4 56 30
5 4 58 79
6 4 59 35
4 4 59 17
5 5 61 15
7 4 60 1
2 4 64 88
5 4 64 54
5 4 65 84
6 4 65 54
8 6 72 54
1 4 65 4
3 4 67 46
5 4 69 41
6 4 70 94
4 4 70 92
7 6 69 91
7 4 71 64
5 4 71 59
3 4 72 90
5 4 74 50
1 4 74 15
3 4 75 82
6 4 75 72
5 4 74 71
1 4 75 47
6 4 79 28
2 4 80 28
1 5 80 27
1 4 81 93
7 4 81 7
7 4 82 90
2 4 85 49
7 4 85 32
6 4 86 48
5 4 88 45
5 3 1 96
7 5 8 96
1 4 38 98
1 4 51 96
2 5 65 96
2 4 80 96
1 3 2 99
4 5 35 98
6 4 32 97
8 5 39 97
5 4 38 97
8 3 2 78
2 5 21 78
2 4 23 78
4 7 23 76
1 4 22 78
2 5 51 76
7 5 60 74
6 4 23 76
4 5 74 73
1 7 74 75
2 4 62 77
1 4 72 78
3 4 73 76
5 4 71 76
4 4 80 75
3 3 2 78
1 5 50 78
3 4 25 77
2 5 42 80
7 4 65 81
5 3 2 11
4 4 11 11
5 5 14 11
4 5 34 12
1 6 33 12
3 4 10 10
8 4 11 11
6 5 79 12
6 4 11 9
3 4 47 9
2 4 51 11
3 3 3 77
6 3 3 56
5 4 16 58
3 5 54 58
4 4 16 54
6 4 23 58
1 4 26 58
4 5 35 58
8 3 3 21
6 4 22 19
3 4 24 19
7 4 25 21
1 4 40 23
8 4 83 24
6 3 3 13
1 4 18 15
5 4 53 12
3 3 3 15
8 5 3 15
7 5 50 15
7 7 70 17
2 4 3 16
4 5 59 15
3 5 67 15
8 7 68 16
7 4 39 16
3 4 58 13
1 3 4 71
2 5 71 68
8 4 3 71
3 4 22 73
6 5 67 73
2 4 22 73
5 5 60 71
4 4 46 68
3 4 56 71
8 4 57 66
2 4 74 68
1 3 4 48
1 4 17 49
7 6 74 50
8 5 37 47
2 6 81 50
3 4 30 51
7 4 36 48
2 4 35 48
5 4 35 51
1 4 39 51
2 4 38 51
5 4 70 44
4 4 72 47
8 4 78 53
5 3 4 42
1 5 24 40
2 4 11 43
4 5 72 42
1 5 72 42
1 4 58 42
5 4 75 41
6 3 4 21
8 4 42 18
3 4 52 18
6 4 54 17
2 3 4 21
3 4 19 20
8 3 5 76
1 6 22 74
8 5 57 74
7 4 6 77
2 4 32 74
7 4 53 72
7 3 5 37
3 3 6 83
1 4 21 83
5 4 79 82
5 3 6 82
7 3 4 82
5 4 15 83
6 4 38 83
4 4 45 82
7 4 50 82
3 4 50 82
3 4 78 85
6 4 81 86
2 3 6 66
6 4 51 67
7 4 59 65
7 4 68 67
6 3 5 65
6 4 20 67
3 4 41 64
8 5 60 63
1 3 6 63
4 5 67 63
8 4 77 61
6 4 77 62
5 3 6 21
8 3 6 23
8 4 12 25
2 4 13 28
5 5 39 25
1 4 52 27
6 4 69 27
8 3 6 8
4 4 52 6
3 4 66 5
7 3 6 5
4 4 8 6
4 4 20 7
6 6 27 6
7 5 20 6
5 4 34 3
4 4 67 2
7 3 7 63
4 4 28 61
7 6 35 62
7 4 47 64
3 3 7 32
3 4 68 29
3 3 7 22
5 4 11 24
6 5 79 23
1 4 68 25
1 3 7 22
1 5 67 22
5 3 8 70
2 4 13 71
6 3 8 71
4 4 14 69
1 4 51 69
8 3 8 57
4 5 70 56
7 4 8 57
3 4 6 56
1 4 13 55
2 4 23 59
6 5 25 59
8 5 25 60
2 5 34 56
2 4 31 52
5 4 40 52
6 4 49 55
7 3 9 91
4 4 35 88
7 4 36 89
4 4 43 91
7 5 69 91
3 3 9 63
8 4 27 63
2 6 31 64
5 4 40 64
1 4 39 64
7 4 39 63
6 4 65 60
6 3 9 63
4 4 16 63
6 3 10 98
6 4 14 97
1 4 34 96
1 3 9 98
2 3 10 93
4 5 68 93
2 4 74 92
1 3 10 42
6 4 48 41
7 3 10 42
1 4 36 41
7 5 71 43
7 4 43 38
1 4 43 39
8 3 10 5
7 5 39 3
5 3 11 90
8 5 15 89
2 5 58 86
4 5 74 93
2 4 65 90
5 3 11 79
3 4 14 78
5 5 62 79
6 4 17 79
1 4 28 81
1 4 41 82
7 4 41 80
6 3 11 71
2 3 12 77
7 3 12 53
8 4 45 50
8 4 56 53
2 3 12 53
2 3 12 6
6 4 67 6
7 3 13 47
6 3 12 48
7 4 14 51
5 6 29 49
2 5 20 47
5 4 22 47
2 4 26 51
7 7 49 49
6 4 28 51
8 4 34 46
2 4 80 45
3 3 14 92
3 5 57 93
7 4 32 93
3 3 14 46
6 4 25 43
4 5 27 44
3 4 25 46
8 4 24 46
4 4 51 41
4 3 14 30
8 7 69 31
8 4 13 29
6 4 38 30
6 4 41 32
5 4 69 33
3 4 71 30
2 4 86 35
3 3 14 1
7 3 15 34
4 4 75 34
5 4 75 36
3 3 15 34
3 3 15 24
6 3 15 9
8 3 16 74
5 4 44 75
1 4 46 73
3 3 16 35
6 5 20 35
6 4 24 34
8 4 32 33
8 4 57 35
1 4 59 34
1 3 15 36
8 3 14 35
3 4 20 36
6 5 58 37
3 4 69 40
5 3 16 33
5 4 28 34
6 3 15 32
1 4 65 30
8 3 14 31
8 4 36 30
1 3 14 33
4 3 14 33
4 4 61 34
5 3 13 33
2 4 13 33
2 4 55 35
5 3 13 34
7 5 59 34
7 4 56 34
3 3 12 35
6 4 22 35
5 4 48 31
1 3 16 23
7 4 21 23
4 4 71 22
6 3 16 5
4 4 58 6
8 4 65 4
6 3 17 85
8 3 17 83
4 4 68 83
2 4 70 83
7 3 16 84
5 4 28 83
8 4 45 82
7 5 46 84
3 3 15 83
1 4 21 83
2 4 60 82
3 3 17 72
3 4 37 74
8 4 41 76
3 4 49 73
8 6 49 74
4 4 54 73
7 3 17 71
1 4 18 73
7 4 30 71
8 3 17 71
3 3 17 71
2 4 41 70
7 3 17 40
1 4 19 38
8 3 17 13
5 5 57 12
5 4 71 16
1 3 18 88
3 4 20 87
4 4 29 86
3 4 27 84
6 4 28 87
8 3 18 62
5 3 18 48
1 4 51 49
6 3 18 48
3 4 34 50
6 4 34 51
7 3 19 88
1 4 36 88
8 4 64 89
1 4 63 88
2 3 20 94
6 4 26 92
3 4 69 95
8 3 20 66
5 4 57 64
6 4 57 66
7 3 20 51
2 3 20 46
4 4 41 44
5 4 63 47
2 5 62 44
6 4 70 45
5 3 20 30
8 3 20 29
2 5 69 29
2 3 20 12
1 4 21 14
3 4 27 14
3 4 36 12
2 5 45 12
6 3 20 12
6 4 24 11
1 4 42 10
2 4 52 12
4 4 53 12
8 4 58 13
3 5 65 16
3 3 21 60
5 4 23 60
3 4 26 60
8 5 52 60
8 4 30 59
4 3 21 59
3 4 48 58
7 3 21 56
4 4 52 55
5 3 21 54
3 5 53 53
6 4 22 55
7 3 21 31
7 5 33 31
3 5 32 31
3 3 21 17
7 4 41 19
6 5 41 18
4 4 44 19
8 4 56 24
2 3 22 85
8 4 69 86
5 3 22 74
7 3 22 62
7 4 55 62
8 4 54 62
1 3 23 56
6 4 61 53
6 3 23 3
7 4 30 2
2 3 24 75
6 3 23 74
4 4 24 75
4 4 34 74
7 3 22 74
5 5 44 73
7 4 50 72
5 3 24 75
8 4 23 75
6 4 33 76
6 3 24 63
8 4 39 64
3 3 24 11
1 3 23 10
4 3 25 91
6 4 58 92
8 3 25 54
5 3 25 36
6 3 26 19
5 4 30 16
3 4 64 19
3 3 27 100
3 3 27 96
5 4 58 95
5 3 26 95
7 3 27 86
6 3 27 84
8 4 52 82
3 3 27 78
2 4 31 76
3 3 27 56
7 3 27 34
2 4 42 36
8 3 27 14
6 3 28 68
5 4 68 68
1 3 27 68
4 3 27 67
6 3 28 47
3 4 63 46
3 3 28 46
1 4 28 44
8 3 29 87
4 3 30 53
1 4 49 52
5 3 30 39
8 5 39 40
2 3 30 26
6 3 30 20
7 4 46 20
5 3 31 96
4 3 31 82
7 3 31 25
6 3 31 22
6 3 32 96
6 3 32 91
6 3 32 84
3 4 47 83
1 4 52 85
2 3 32 55
3 3 32 57
8 4 37 57
5 4 45 58
1 3 32 23
1 3 33 69
1 4 40 68
3 3 33 68
3 3 33 4
8 4 41 5
3 5 61 5
2 3 32 4
7 3 34 57
5 4 62 58
8 3 34 24
4 5 63 25
4 3 35 75
3 3 35 64
4 3 36 98
8 3 36 82
1 3 36 37
4 3 35 36
8 4 52 36
4 4 52 36
6 3 37 1
1 3 35 1
6 4 61 3
6 3 38 96
5 4 45 95
3 3 38 81
5 3 37 80
2 3 36 80
1 3 38 29
1 3 38 21
5 4 38 20
6 4 49 21
4 4 52 22
5 5 52 21
2 3 37 20
1 3 38 2
8 3 39 88
1 4 70 87
5 3 39 85
3 4 49 87
1 3 39 37
5 3 39 7
3 4 48 5
1 3 39 5
7 4 48 4
4 3 40 64
5 3 40 52
2 4 47 52
6 5 51 50
4 3 39 50
1 3 41 56
7 3 41 34
6 3 41 14
1 4 45 14
6 4 45 14
1 4 52 17
7 4 52 16
7 3 42 76
1 3 42 65
3 3 42 43
5 3 42 36
1 5 53 36
5 3 43 20
1 3 44 49
5 3 44 25
2 5 52 26
6 3 46 97
1 3 46 53
8 3 46 8
8 3 47 90
1 3 47 59
3 4 50 60
2 3 47 60
8 3 47 45
3 3 47 36
5 3 47 31
6 3 47 5
5 3 48 81
2 3 48 76
5 3 48 78
4 3 48 75
1 3 48 68
4 3 48 52
8 3 48 48
6 3 49 62
4 3 49 61
1 3 48 61
6 3 48 61
1 3 49 53
5 3 49 44
7 3 49 46
8 3 49 22
2 3 50 87
4 3 50 60
3 3 50 46
7 3 50 16
4 4 60 15
3 3 51 60
1 5 53 60
4 3 51 10
4 3 51 6
4 4 54 6
2 3 52 58
2 3 52 11
5 3 53 19
8 3 54 92
3 3 54 91
5 3 54 56
4 3 54 32
8 3 55 72
2 3 55 57
3 4 58 59
6 3 55 9
3 4 54 8
1 3 53 9
8 3 54 7
7 3 56 98
6 4 61 95
6 4 67 95
4 3 56 70
7 3 56 54
8 3 56 27
7 5 63 29
6 3 56 16
4 3 57 25
8 4 59 26
8 3 58 58
5 3 59 28
1 3 60 95
4 3 60 87
3 3 60 46
5 3 60 46
7 3 61 96
5 3 61 89
2 3 61 32
8 3 61 27
8 3 61 19
8 3 64 47
6 3 65 89
1 3 67 99
3 3 67 89
3 3 68 99
5 3 68 89
7 3 66 88
5 3 68 25
4 3 68 25
1 2 1 89
3 4 13 89
8 4 24 89
6 4 46 88
2 3 15 88
3 4 58 88
5 3 36 85
6 3 38 83
8 3 41 89
2 5 57 89
6 4 58 89
6 3 42 84
2 4 42 84
1 3 44 89
8 3 52 87
1 3 55 90
7 2 1 87
4 3 44 88
1 3 45 89
1 2 1 76
1 3 8 76
8 3 24 78
2 3 25 79
7 3 26 79
5 3 25 80
6 3 24 79
3 3 29 81
7 3 44 76
1 3 44 74
6 3 45 72
4 2 1 76
7 4 17 76
5 3 5 77
6 4 11 76
3 4 30 74
5 4 30 76
5 3 10 76
8 3 20 74
2 4 36 73
2 3 21 72
8 3 22 75
8 3 26 79
1 4 26 79
6 4 39 78
7 3 32 76
3 4 31 77
8 3 33 79
8 3 44 80
3 3 53 80
5 2 1 77
7 4 20 75
6 3 3 76
1 4 22 79
1 3 2 76
7 3 3 75
2 4 10 76
5 3 10 78
3 3 17 74
1 3 21 75
5 4 21 75
1 3 28 78
8 2 1 77
2 3 13 78
4 3 13 78
6 3 12 77
4 3 20 77
7 3 24 78
4 3 24 78
3 3 29 79
2 2 1 78
7 3 2 79
3 4 14 78
3 3 8 78
1 3 18 81
6 3 24 81
4 4 35 82
1 2 1 79
6 3 10 78
6 3 24 79
1 3 43 81
3 3 44 83
7 3 43 83
6 2 1 74
1 3 32 72
6 2 1 58
6 4 36 58
4 3 11 57
1 4 35 57
3 3 39 60
8 3 48 56
7 3 50 60
2 4 51 60
3 3 50 62
6 3 51 58
7 3 51 60
1 3 50 60
4 2 1 49
8 3 3 48
5 3 3 49
5 4 48 48
6 3 6 50
3 4 24 49
6 3 12 50
5 4 20 49
2 5 44 47
8 4 48 51
3 4 48 51
5 4 49 54
2 4 48 53
6 3 21 51
1 3 21 51
5 4 30 50
3 4 37 51
6 4 36 52
8 3 24 48
1 3 25 51
3 4 40 50
4 3 33 52
5 3 32 51
7 3 32 52
3 3 32 52
8 3 33 53
4 4 34 54
3 3 34 48
4 3 34 50
5 3 40 48
8 3 44 48
4 2 1 46
4 3 2 45
5 3 21 45
1 3 20 44
7 3 20 43
2 4 39 43
8 4 55 42
4 3 23 48
3 3 24 41
5 4 38 42
1 3 54 42
4 3 53 40
1 4 61 39
3 3 52 39
7 3 52 40
5 2 1 41
8 3 6 41
2 4 57 40
4 3 20 40
6 3 34 42
5 3 35 40
5 3 37 38
7 3 51 43
6 3 52 37
4 2 1 23
4 4 40 24
5 3 23 23
3 4 48 23
1 4 48 21
8 3 23 24
3 3 44 23
7 3 48 24
6 4 49 24
5 3 49 22
3 5 57 23
6 5 57 24
2 4 50 21
5 3 53 24
7 2 1 19
6 3 13 18
3 4 37 19
4 4 43 21
8 3 13 18
5 3 20 19
1 3 20 20
7 3 25 21
2 3 26 17
1 3 25 17
8 3 27 21
6 3 35 22
5 3 42 17
7 3 50 23
4 3 49 24
4 2 2 98
2 4 27 96
2 3 28 97
1 3 32 95
3 4 43 96
8 3 33 97
2 3 32 97
5 3 40 97
4 4 42 97
7 3 42 96
1 3 41 94
2 3 42 92
8 3 55 100
5 3 59 100
7 2 2 93
6 2 2 90
1 4 11 89
4 4 11 91
6 3 5 91
7 4 11 93
4 4 14 93
8 4 28 89
7 3 14 95
4 4 36 92
4 4 43 94
5 3 13 95
1 4 20 93
4 3 14 95
4 4 39 96
2 4 48 94
5 3 21 90
7 3 27 96
8 3 38 98
7 3 42 94
4 3 49 100
5 2 2 89
3 4 27 88
5 3 27 90
6 3 34 88
5 3 38 87
1 3 47 87
2 3 53 86
2 3 58 86
6 3 61 85
1 2 2 67
2 4 22 67
6 3 8 68
3 4 54 65
5 4 54 67
3 3 12 69
1 3 11 69
2 4 16 71
8 3 16 67
1 3 21 67
1 3 28 72
6 3 28 67
2 3 33 63
8 3 33 63
4 3 36 67
8 4 50 69
5 3 39 66
2 3 39 68
7 3 39 67
2 3 39 65
3 4 38 65
6 3 43 67
7 3 50 69
6 3 50 70
5 2 2 54
8 4 9 53
8 4 36 54
5 3 5 54
1 4 7 53
3 4 7 55
8 4 9 54
1 5 27 53
1 3 5 54
4 3 7 56
4 3 15 55
5 4 21 52
3 3 16 53
1 3 17 53
2 4 26 53
7 4 27 53
2 3 25 58
4 3 25 55
1 3 25 53
6 3 25 54
3 3 25 51
2 3 28 51
8 3 32 50
2 3 33 55
6 3 33 56
4 3 40 56
2 2 1 53
3 3 2 54
7 3 15 51
3 2 2 47
3 3 5 45
3 3 13 48
8 4 13 48
3 3 17 44
6 3 29 47
5 3 29 48
7 3 43 46
2 3 45 42
8 3 52 43
7 3 52 43
5 3 53 43
2 2 2 48
8 3 25 49
3 4 35 46
5 2 2 45
2 3 15 44
8 3 21 43
3 4 44 44
7 3 26 44
4 3 43 44
2 3 46 41
6 3 46 41
5 3 46 41
3 2 1 44
6 3 17 42
4 3 27 45
3 3 29 47
8 2 1 43
7 3 12 44
7 3 21 43
2 3 21 43
1 2 2 42
3 3 4 40
1 3 18 43
3 3 18 43
3 3 21 44
2 4 21 45
6 3 27 45
7 3 30 41
6 4 43 42
3 3 31 40
7 2 2 37
7 3 46 38
1 2 2 30
5 4 9 30
3 5 15 29
7 4 17 29
4 4 19 31
1 7 21 29
4 4 21 34
8 4 29 33
1 4 52 28
1 3 9 29
1 4 13 29
5 3 12 29
3 4 53 30
1 4 52 30
8 6 52 30
2 3 12 31
6 3 12 27
2 4 12 27
1 4 11 26
2 5 17 25
4 7 17 27
5 5 52 24
7 4 49 28
2 4 48 27
7 3 9 27
2 4 48 27
2 3 19 31
7 3 20 27
4 4 41 28
1 4 45 26
5 3 19 28
5 3 30 32
4 3 35 28
3 3 36 31
2 3 37 30
7 3 40 36
3 3 41 32
5 3 47 37
2 3 47 38
8 3 52 23
8 2 1 29
3 3 19 30
8 3 19 29
6 6 41 30
5 4 27 29
8 3 25 30
6 3 46 28
2 2 1 29
7 3 16 28
3 4 36 27
4 3 22 28
8 4 35 28
5 3 34 27
3 2 2 27
6 3 1 26
7 3 12 25
5 3 13 26
6 4 17 25
2 5 29 24
5 4 16 23
8 3 18 26
2 4 21 27
6 3 30 29
1 3 32 26
3 4 35 26
4 2 1 26
3 3 20 27
7 3 31 26
3 2 1 25
5 2 1 24
6 2 1 25
1 3 34 24
2 2 2 27
7 3 20 28
2 3 34 30
6 2 2 28
6 3 19 28
4 3 33 29
7 2 2 25
5 2 2 26
1 3 3 27
2 3 20 24
7 3 27 24
5 3 27 23
6 3 36 22
5 2 2 15
2 3 13 15
8 4 20 16
6 4 20 15
4 3 29 17
6 3 37 16
1 3 37 17
6 3 46 14
4 2 2 13
6 3 13 13
4 3 22 13
4 5 26 14
7 3 39 13
8 3 43 9
7 3 44 7
1 4 52 6
5 3 45 9
7 3 52 5
4 3 58 9
6 3 58 11
5 2 2 6
8 3 24 7
4 4 24 7
3 3 24 7
6 3 28 4
3 3 29 6
5 4 39 7
2 4 38 6
8 4 40 5
4 3 29 8
1 3 38 9
3 3 43 8
7 3 43 10
2 3 46 4
4 4 45 4
8 3 47 10
2 3 48 7
1 3 55 8
4 2 2 7
8 3 15 8
2 3 14 7
1 3 14 9
6 5 39 8
8 4 23 7
8 3 25 7
6 7 25 5
5 4 49 8
2 3 25 7
6 3 33 5
2 4 36 5
5 3 34 4
3 3 35 3
6 3 36 3
1 3 37 4
8 3 45 9
7 3 55 12
4 3 59 2
7 4 62 1
1 2 2 8
7 3 1 7
5 4 38 8
7 3 2 6
4 4 25 5
3 3 6 5
1 4 19 4
2 4 26 2
4 3 6 4
4 3 36 9
4 3 39 11
3 3 52 12
1 2 2 3
3 3 4 4
5 4 15 2
1 4 23 4
8 4 29 3
7 4 38 2
5 3 3 3
2 4 4 5
2 3 5 2
6 3 6 6
3 3 7 5
8 2 1 2
6 3 8 2
6 4 12 2
4 3 19 1
3 3 41 1
7 3 45 2
8 3 47 2
6 2 3 87
4 4 5 86
2 3 3 86
1 3 3 85
5 3 4 88
7 4 42 85
2 3 4 87
4 3 8 86
7 3 25 88
6 4 36 89
5 4 36 85
1 5 37 85
8 5 36 84
7 5 36 83
4 4 37 85
7 3 33 85
1 3 34 84
4 3 36 87
7 2 2 85
5 3 17 85
2 3 26 84
4 4 25 83
3 2 2 84
4 3 10 83
8 3 35 83
8 3 37 85
5 2 2 84
6 4 15 83
1 3 7 83
8 3 10 82
4 3 10 83
5 3 15 81
4 3 20 79
2 3 30 79
2 2 1 83
6 3 2 82
2 3 6 81
7 2 2 84
7 2 3 85
4 2 3 64
2 3 15 63
6 4 14 63
5 3 14 63
5 4 28 64
3 4 39 63
2 3 40 64
1 3 48 65
4 2 3 59
3 2 3 58
1 3 7 58
1 3 19 59
7 3 32 59
5 3 32 61
8 3 33 61
3 3 46 60
2 2 3 58
6 3 25 57
5 2 3 59
7 3 20 58
1 4 23 57
2 3 22 59
6 3 22 61
4 3 22 59
3 3 30 57
1 2 3 52
2 2 3 52
4 3 14 53
8 2 3 48
7 4 19 48
2 3 29 47
4 2 3 49
7 4 29 48
7 3 22 49
4 3 22 50
4 2 3 35
8 3 4 36
1 4 20 36
5 3 6 34
7 3 8 35
8 3 9 33
1 3 11 36
2 4 29 37
7 3 11 36
3 4 40 40
8 3 13 34
2 3 14 32
3 3 19 34
8 4 18 33
3 3 20 37
4 4 26 38
6 4 26 38
7 4 25 35
7 3 19 37
7 3 24 37
1 3 27 36
4 3 29 34
8 3 33 37
2 3 33 37
4 3 40 39
2 2 3 34
2 2 3 30
4 3 3 28
4 3 12 28
8 2 3 29
2 2 3 28
5 2 3 20
5 3 28 19
2 3 45 18
3 2 3 7
7 4 7 6
7 3 14 6
3 3 14 7
5 3 16 7
1 3 19 8
6 3 19 8
2 3 19 5
3 3 23 8
5 4 27 9
2 3 25 10
2 3 27 9
6 2 3 4
6 2 3 1
6 3 4 1
4 3 16 3
4 2 4 90
1 4 36 89
7 2 4 84
7 3 5 82
8 3 13 80
4 3 31 85
2 2 4 78
5 3 16 78
8 2 4 77
4 2 3 77
6 2 4 74
4 4 9 72
5 4 23 74
7 3 5 73
8 3 13 75
8 3 42 72
1 3 41 71
2 4 42 72
3 3 49 71
3 2 4 72
1 3 20 70
6 3 32 71
4 3 33 70
8 2 4 71
4 4 5 71
5 4 15 72
4 4 19 70
3 3 5 69
2 3 17 71
8 3 18 68
2 2 4 69
8 3 30 69
2 2 4 63
6 3 3 62
8 5 7 61
4 4 3 62
4 4 18 62
8 3 11 61
4 3 11 62
3 4 25 64
8 4 29 65
3 3 14 61
5 3 27 62
5 2 3 64
2 3 9 63
2 3 20 62
4 4 24 61
7 3 39 65
3 2 3 65
6 3 9 65
5 3 15 64
6 3 19 66
4 4 36 67
3 3 30 68
5 2 3 62
7 4 10 60
3 4 10 60
2 3 23 62
7 4 28 60
1 4 28 60
4 3 23 62
5 3 22 63
6 3 23 64
8 3 23 61
6 2 2 62
4 3 3 62
5 4 7 62
7 3 2 61
2 4 3 62
2 3 18 60
1 2 3 64
7 3 16 63
2 3 36 65
6 3 35 66
5 2 2 63
3 3 2 62
6 3 13 64
5 3 21 65
8 3 31 65
3 2 3 60
4 2 4 41
1 5 39 40
4 4 28 41
3 3 28 41
2 3 27 41
2 2 3 41
3 3 19 41
2 3 32 40
1 2 3 42
7 3 6 40
8 3 11 43
7 2 3 42
1 3 16 42
5 3 17 43
1 3 20 42
6 3 21 39
2 2 3 42
4 3 9 43
6 3 8 44
1 4 13 43
3 3 8 42
5 3 8 42
8 3 7 41
7 3 10 42
8 4 13 43
2 3 18 46
1 3 22 44
1 2 4 26
4 3 11 26
8 2 4 26
1 4 12 25
8 2 4 22
2 3 22 20
4 3 22 22
2 2 3 22
8 5 32 20
8 3 8 22
3 3 10 22
5 4 12 23
6 3 12 23
2 3 32 19
1 5 37 19
4 2 4 22
2 4 29 23
6 4 29 24
8 2 4 12
1 4 43 11
3 3 10 11
8 3 13 11
3 3 13 11
1 3 13 12
7 3 13 13
8 3 11 13
6 3 14 14
4 3 14 16
8 3 14 15
1 4 43 16
7 5 42 17
7 3 14 16
3 3 19 9
8 3 21 16
8 3 31 12
7 3 38 11
3 3 51 18
7 2 3 11
7 4 13 10
5 4 14 11
1 3 7 9
7 3 7 11
6 4 24 10
8 3 12 11
2 3 16 14
5 4 27 10
3 4 27 12
2 3 23 12
5 3 27 13
5 2 3 12
3 4 3 12
3 4 24 12
4 3 16 11
8 4 19 10
2 3 21 10
6 3 20 11
7 3 20 11
1 3 21 13
2 3 21 13
4 3 31 13
8 3 39 14
1 2 1 11
4 2 1 10
6 3 7 11
4 3 9 11
5 3 12 14
6 3 20 15
1 3 20 10
7 3 31 14
4 2 2 11
6 3 3 12
2 4 25 13
3 3 7 13
2 2 2 10
8 3 19 10
2 2 4 12
7 3 8 12
7 2 3 12
2 4 8 11
6 2 4 10
7 3 18 9
2 2 4 10
1 2 5 92
8 5 8 92
5 3 9 91
3 3 9 92
5 4 27 91
1 3 11 94
7 3 12 90
8 3 12 91
1 3 19 92
1 3 21 89
4 3 27 89
3 2 5 91
5 4 28 90
7 2 5 91
4 4 8 90
1 4 8 91
7 4 16 91
2 3 7 90
6 3 24 88
8 3 32 92
1 2 4 90
4 2 4 91
7 3 12 92
8 3 12 94
6 3 11 95
5 4 32 92
1 3 10 96
2 3 11 96
3 3 18 98
3 3 24 96
4 3 23 96
3 3 25 92
2 3 25 92
4 3 31 95
6 3 35 100
8 2 5 82
1 3 6 80
5 2 5 80
2 3 15 79
3 3 15 81
7 2 4 80
7 3 13 80
5 4 14 80
3 2 5 74
2 3 6 75
2 3 23 75
3 2 5 75
1 2 5 75
3 3 19 74
4 3 18 75
1 3 16 74
7 2 4 75
7 3 11 75
1 3 19 73
3 2 3 75
5 2 5 73
3 2 5 72
7 3 12 72
8 4 13 69
5 3 14 70
1 2 5 69
4 3 13 70
8 2 5 68
4 4 38 66
3 3 6 67
1 3 7 67
7 2 5 67
4 2 4 67
7 4 8 67
7 2 5 57
2 2 5 58
5 3 14 58
5 4 23 56
4 3 18 57
3 3 18 58
1 3 27 58
4 4 29 55
8 2 4 58
8 3 11 58
2 4 24 56
5 3 10 57
2 4 12 58
7 3 16 58
3 3 24 56
7 3 26 60
2 2 3 58
4 2 3 59
6 3 3 60
5 3 14 58
5 2 4 59
8 3 9 60
3 4 11 59
2 2 4 60
7 4 7 60
7 3 11 57
6 3 11 59
6 3 11 59
3 3 11 60
4 4 12 58
8 3 13 59
1 2 4 60
5 2 5 31
7 4 24 30
1 3 25 32
5 3 25 34
1 2 5 30
7 2 5 31
3 2 5 31
5 3 16 30
6 2 5 29
2 2 5 23
6 2 5 22
1 4 25 23
3 3 27 24
7 3 32 22
2 2 5 22
1 2 5 9
5 3 9 9
2 3 10 9
4 3 21 7
4 3 22 6
4 2 5 8
8 3 16 8
6 3 16 10
2 3 16 7
6 2 6 93
3 3 12 94
2 2 6 87
2 3 21 87
1 2 6 85
2 3 28 86
3 2 6 81
6 3 23 80
8 3 23 80
1 2 6 80
8 3 7 79
6 2 5 79
7 3 5 80
1 3 16 80
4 3 24 81
4 2 5 81
8 3 7 81
2 3 7 82
3 3 18 79
1 3 18 80
8 3 27 81
6 3 26 82
8 2 6 79
4 2 6 77
7 2 6 77
2 2 6 76
1 2 6 73
4 3 15 72
7 2 6 69
2 2 6 70
8 2 5 70
2 3 29 70
5 3 29 68
5 3 30 67
3 3 31 69
7 2 4 70
5 3 3 70
8 4 24 70
6 3 28 68
5 2 4 71
6 3 9 71
8 3 13 71
7 3 13 72
5 2 5 71
3 3 7 71
3 3 12 72
7 4 21 69
6 3 21 70
2 3 23 73
2 3 32 67
7 3 32 67
3 2 5 72
5 3 17 72
2 3 16 71
6 2 4 72
7 3 8 72
1 2 3 72
2 3 3 71
1 2 4 72
7 2 6 70
2 3 11 69
4 2 5 69
6 3 6 69
8 2 5 69
3 3 22 69
2 2 6 66
4 2 5 65
2 3 21 66
8 2 5 65
2 2 6 62
8 2 6 63
5 3 10 61
1 2 6 61
6 3 6 61
4 3 7 62
2 2 6 63
1 2 6 63
3 3 6 62
7 2 6 63
3 3 5 63
6 2 6 59
7 2 6 28
8 2 6 26
2 2 6 21
1 3 11 20
3 3 20 18
8 2 6 22
7 3 5 22
4 4 22 22
4 3 12 23
8 3 21 23
1 2 5 23
3 2 6 21
4 3 16 19
7 3 24 20
7 2 6 22
4 3 5 21
6 3 8 19
8 4 8 19
7 3 14 19
1 3 24 18
6 3 25 18
8 2 5 23
5 2 6 20
3 3 17 20
1 3 17 21
8 3 17 19
3 3 31 17
6 3 31 19
5 2 6 6
5 3 18 5
1 2 6 6
4 2 6 5
3 3 9 6
8 3 10 8
6 3 9 7
3 3 14 9
3 3 15 6
8 4 15 5
3 2 7 83
8 2 6 83
7 2 6 84
2 2 6 85
1 2 5 85
8 3 10 84
4 2 5 84
8 3 25 85
7 2 5 85
6 3 13 84
4 2 7 59
1 2 7 55
7 3 22 55
7 3 33 55
6 2 7 55
1 2 7 49
4 3 12 47
2 3 12 48
3 3 21 50
6 3 34 46
7 3 40 46
8 2 7 50
4 4 7 49
2 2 6 49
5 4 6 48
4 3 29 47
3 2 5 48
8 3 10 49
1 3 10 48
7 4 10 47
5 3 18 50
6 3 21 50
2 2 5 47
6 3 9 47
6 2 5 47
5 3 5 46
8 4 25 47
8 3 22 45
4 3 31 47
6 2 5 48
1 3 14 48
4 3 22 47
8 2 6 45
6 3 13 46
3 3 17 46
1 3 21 45
8 2 7 45
1 3 7 46
7 3 6 45
4 2 5 46
1 3 24 45
7 2 5 46
1 2 5 46
3 2 5 45
1 2 7 44
2 3 7 43
5 3 10 43
2 3 17 40
7 3 20 39
4 2 6 43
6 3 5 43
5 2 5 44
3 2 5 44
6 2 4 44
2 2 3 44
4 2 4 43
3 3 9 42
7 4 13 41
4 3 11 42
4 3 13 40
2 2 4 44
7 2 4 44
8 2 4 43
5 2 6 43
8 2 7 32
6 3 8 31
1 3 8 33
3 3 24 34
2 2 7 26
5 3 19 27
8 3 19 28
3 2 7 27
4 3 17 25
8 2 7 27
5 2 7 20
6 3 9 18
5 3 12 20
6 4 12 19
1 3 17 18
2 4 22 19
4 3 18 19
4 3 34 16
3 2 7 20
2 3 6 19
8 3 6 20
5 3 21 17
5 3 28 15
4 3 28 16
5 2 5 19
1 2 5 20
8 4 12 21
7 2 6 21
8 2 6 20
7 3 14 21
3 2 6 19
4 2 7 17
6 3 12 16
7 4 23 15
8 3 23 16
2 4 26 14
3 3 26 14
8 3 38 17
4 2 7 8
2 3 8 7
6 2 8 97
7 3 9 96
4 3 22 97
5 5 33 98
6 3 26 98
3 2 8 96
4 3 13 97
2 3 16 98
7 3 17 98
6 3 16 99
1 2 8 96
1 3 25 95
5 3 24 94
5 2 8 96
8 2 8 94
3 3 13 94
8 4 13 93
2 4 13 92
7 3 19 93
7 2 8 93
1 2 8 87
4 3 11 88
7 2 8 85
2 3 9 84
2 2 8 86
4 2 8 87
5 3 25 86
8 3 31 87
4 2 8 75
5 2 8 67
4 3 8 67
4 3 10 67
4 3 14 67
1 2 7 67
5 3 6 67
8 2 6 68
2 2 6 68
8 3 18 66
7 2 8 66
5 3 25 65
3 2 8 67
5 2 8 68
1 2 8 60
7 2 8 61
2 2 7 60
4 2 8 53
3 2 8 54
8 2 8 54
7 4 8 53
8 3 9 55
5 3 13 55
4 2 7 54
5 2 6 54
8 2 6 54
6 3 6 53
3 3 11 55
7 3 11 55
5 2 6 52
2 3 6 52
4 3 19 50
2 3 19 51
6 2 6 53
4 2 8 54
8 3 8 54
2 2 8 19
3 4 13 19
1 3 12 18
1 2 8 18
5 2 8 18
8 2 9 100
2 3 14 99
5 3 21 98
3 4 21 96
7 2 9 99
7 4 19 99
5 3 12 97
6 3 12 97
1 4 12 98
8 3 23 95
8 3 24 99
6 3 24 99
3 3 22 97
5 3 23 96
1 2 9 95
4 3 13 94
7 2 9 96
8 4 9 95
1 4 20 94
2 3 9 94
6 2 9 95
2 4 16 95
3 3 16 97
8 3 16 99
8 2 9 84
3 2 9 85
4 2 9 85
6 2 9 75
3 3 9 73
6 2 9 73
2 2 9 71
3 2 8 70
8 2 9 68
2 2 9 66
8 3 23 65
1 2 8 66
8 2 9 64
7 2 9 65
5 2 9 66
3 5 9 65
5 2 9 56
1 3 23 57
1 3 23 55
4 2 8 56
1 3 12 55
6 2 9 47
1 3 16 48
6 2 9 41
6 3 11 39
8 4 12 41
2 2 9 35
2 3 15 36
4 3 15 37
8 4 16 36
6 2 9 25
3 2 9 21
1 2 8 21
5 2 7 20
7 2 7 19
4 3 8 19
8 2 6 19
5 2 6 18
1 2 6 19
7 2 8 18
2 3 8 17
3 3 19 15
5 2 9 16
8 2 9 15
4 2 9 7
6 2 8 6
5 2 8 7
3 2 10 98
7 2 10 99
8 2 10 97
1 2 10 97
4 2 9 97
7 2 10 96
5 2 10 88
2 2 10 73
1 2 10 67
6 2 10 68
4 2 10 47
2 2 10 45
3 2 10 42
8 2 10 39
2 4 10 39
8 4 18 38
3 3 9 39
8 3 25 38
1 2 8 39
7 3 21 39
7 4 23 39
1 2 10 34
2 2 10 30
5 2 9 30
1 2 10 28
3 2 10 27
1 3 13 28
2 2 10 22
3 2 9 21
8 2 9 21
3 2 10 22
3 3 17 23
1 2 10 18
2 3 30 16
7 2 10 8
2 2 10 5
7 3 15 4
4 2 10 1
2 2 9 1
8 3 26 1
8 2 9 2
7 2 10 1
3 2 10 2
3 3 11 2
1 4 11 2
4 3 22 1
5 3 22 2
6 4 28 1
8 3 22 1
7 3 27 1
4 3 28 3
4 2 10 3
5 3 10 3
2 3 26 2
4 2 10 3
6 3 26 1
4 2 11 100
8 2 11 81
6 2 11 81
2 3 15 79
2 2 10 81
5 2 11 58
7 2 11 47
5 3 16 48
8 2 11 48
6 2 11 49
5 2 11 40
3 2 11 38
4 3 11 38
6 2 11 39
1 3 12 39
5 2 11 35
1 2 11 24
6 2 10 24
1 2 11 8
2 2 11 5
7 2 11 6
2 2 11 2
5 3 13 1
6 2 11 3
2 2 12 97
1 2 12 90
8 2 12 91
2 2 12 73
8 2 12 74
7 2 11 73
3 2 11 74
7 3 16 75
4 2 11 74
6 3 14 74
8 2 10 73
5 4 10 72
1 3 10 74
4 2 10 75
5 2 10 75
4 2 12 71
3 2 11 70
2 2 12 67
1 2 12 67
4 2 12 67
5 2 12 40
8 3 22 38
8 2 12 37
7 2 12 35
6 2 12 24
4 2 12 25
7 2 12 25
5 3 11 24
1 2 13 87
3 2 13 85
7 2 13 65
5 2 13 53
4 2 12 53
5 2 13 53
3 2 13 46
6 2 13 40
4 3 20 38
3 2 13 4
7 2 14 95
8 2 14 96
1 2 14 81
7 2 14 56
4 2 14 50
4 2 14 17
8 3 14 15
5 3 16 13
7 3 16 15
1 2 14 16
4 2 14 14
8 3 15 13
6 3 15 14
4 2 14 13
7 2 14 4
2 3 16 4
5 2 15 96
3 2 14 95
1 2 14 95
8 2 15 94
6 2 15 94
3 2 15 89
6 2 15 55
8 2 15 47
5 2 15 40
5 3 19 40
8 2 15 26
7 2 15 4
7 2 15 1
7 2 16 92
4 2 16 56
6 2 16 51
1 2 16 37
8 2 16 36
3 3 16 36
2 3 16 37
4 2 16 33
6 2 16 29
7 2 16 24
4 2 16 24
5 2 16 25
1 2 16 4
3 2 17 93
8 3 17 92
4 2 16 93
3 2 15 93
6 3 15 93
3 2 17 93
3 2 17 65
6 2 17 65
3 2 17 1
2 3 16 1
1 3 22 1
4 3 22 1
5 2 15 1
8 3 16 1
4 2 15 2
1 2 15 2
6 2 18 79
5 2 18 79
4 2 18 65
6 2 18 57
4 2 18 47
6 2 18 33
3 2 18 34
8 2 17 34
4 2 18 33
2 2 18 18
6 2 19 93
7 2 19 93
6 2 19 50
2 2 19 35
5 2 19 29
1 2 19 14
3 2 20 100
3 3 27 99
8 2 20 29
5 2 20 17
1 2 19 17
5 2 21 94
5 2 21 88
3 2 21 89
7 4 21 88
8 2 21 90
8 2 21 45
3 2 21 37
2 2 21 34
8 2 21 35
4 3 20 34
1 2 19 35
6 2 20 34
5 2 21 17
2 2 20 16
5 2 22 91
6 2 22 57
6 2 22 15
2 2 22 16
4 2 23 100
5 2 23 37
1 2 24 100
7 3 26 99
6 2 24 86
8 2 26 100
3 2 27 35
2 2 28 39
1 2 28 32
6 2 27 32
4 2 31 86
6 2 34 100
2 2 34 100
8 2 33 100
5 2 34 32
5 2 35 86
4 2 34 86
5 2 36 1
4 2 38 100
8 2 39 1