28131
1715
4 16 60 72
1 14 96 87
4 12 4 4
3 12 47 33
2 12 59 7
3 12 88 25
2 11 28 46
2 11 30 94
4 11 47 73
2 11 79 81
2 12 95 82
2 11 94 95
4 10 17 46
2 16 36 44
1 13 25 42
3 10 19 35
2 12 71 33
2 10 47 87
3 11 57 86
2 10 70 92
1 10 78 43
2 9 9 64
1 11 80 68
1 9 9 15
2 9 9 16
2 9 19 34
3 9 22 15
3 10 44 18
1 9 24 84
4 10 92 82
2 9 27 25
3 9 30 97
1 9 44 7
3 12 56 7
4 9 45 9
4 10 53 8
1 9 48 26
3 9 62 73
4 12 88 75
4 9 66 42
2 9 68 2
1 9 75 83
1 9 80 11
2 9 92 71
1 8 10 61
4 8 26 85
2 8 46 74
1 8 46 23
1 8 47 57
3 9 48 55
2 8 54 61
4 11 70 61
2 8 59 44
3 8 68 34
4 10 69 32
4 8 77 77
3 8 78 62
2 8 78 47
4 8 87 52
3 8 93 99
1 7 4 39
2 9 15 39
1 10 14 36
3 11 50 31
1 9 81 32
1 8 33 37
2 8 49 35
3 7 7 12
4 8 7 11
1 9 21 13
3 11 54 13
4 8 72 11
3 7 8 66
2 11 84 66
2 7 8 5
4 12 22 4
4 12 83 2
3 8 53 3
1 7 9 28
1 7 16 91
4 7 17 81
2 8 76 84
1 7 18 84
4 14 37 81
3 9 36 88
3 8 16 86
3 9 37 84
2 7 20 51
4 8 45 55
1 12 67 58
2 7 20 24
1 8 26 24
4 10 27 22
3 7 23 54
4 8 52 54
2 10 52 51
3 7 26 26
4 9 43 25
1 7 31 44
1 7 34 47
2 11 82 48
1 7 35 57
4 7 35 56
1 10 51 51
1 9 76 52
3 8 56 57
2 8 75 55
2 7 41 97
4 7 42 46
1 8 56 46
1 7 42 39
1 7 43 32
4 7 44 72
4 7 45 19
3 8 42 18
1 7 50 34
2 7 51 35
1 7 52 2
3 7 56 17
3 10 76 16
4 7 64 75
1 7 64 33
3 7 68 13
1 7 69 11
3 7 74 92
4 7 76 23
3 7 77 51
2 8 77 52
4 10 77 52
4 7 82 68
1 7 93 91
3 6 3 84
2 7 45 84
2 6 3 35
2 6 7 27
4 9 8 28
3 7 6 26
3 8 53 25
3 6 14 93
4 10 60 94
2 7 18 91
1 6 14 42
1 10 40 43
3 7 16 44
2 8 45 45
3 8 50 47
3 7 25 48
4 8 32 46
4 9 52 45
3 8 38 43
4 8 82 41
3 7 31 43
2 10 34 44
3 7 37 44
3 7 57 41
3 6 13 43
2 7 14 42
1 8 56 44
3 7 38 42
4 7 68 47
2 6 15 32
3 6 13 31
4 7 36 35
1 7 49 32
4 6 14 33
4 9 26 34
1 7 25 35
2 8 26 35
4 11 39 31
3 7 28 36
4 6 15 7
1 8 13 7
3 10 76 5
3 8 21 5
3 7 37 9
2 8 59 4
4 9 61 8
3 6 11 5
4 6 16 16
3 6 23 85
1 7 21 87
2 6 21 89
4 6 23 55
4 6 26 47
4 6 26 16
2 6 31 93
2 7 43 92
1 9 57 96
3 8 61 91
3 7 56 95
4 6 33 11
1 6 35 98
3 6 37 76
1 8 38 76
3 6 37 71
1 8 57 73
2 6 37 43
4 6 38 41
2 6 39 17
3 6 44 11
1 8 76 11
4 6 42 12
4 6 45 5
4 8 58 3
3 6 46 93
1 8 49 94
2 7 50 91
4 10 64 91
2 7 67 95
2 6 47 17
1 10 49 15
1 7 66 16
3 6 50 64
2 8 87 66
4 6 51 3
1 8 61 4
2 7 61 2
3 8 59 3
4 6 54 72
4 6 54 63
4 6 57 56
1 6 58 83
3 6 60 81
2 7 59 84
4 7 59 82
3 8 64 81
4 8 63 83
1 6 62 51
4 6 61 53
2 6 63 59
3 6 64 3
2 6 80 78
1 6 81 67
2 5 3 88
4 5 3 71
2 5 3 27
2 7 62 27
4 5 4 75
2 6 27 75
1 6 42 73
4 6 42 76
1 6 51 71
3 6 67 71
3 6 69 76
3 8 76 74
1 7 77 77
1 6 72 76
4 5 5 92
2 9 58 92
1 6 58 91
4 5 5 87
2 6 4 85
1 8 49 84
4 6 9 81
2 7 29 86
3 6 45 88
2 6 49 81
3 7 53 84
2 5 5 78
2 7 40 78
4 6 15 75
1 6 14 76
3 9 43 73
2 6 27 79
4 6 58 73
1 6 60 75
4 6 65 72
2 5 5 44
1 6 17 44
4 7 17 46
4 8 28 42
4 6 55 41
1 5 5 44
3 5 6 71
4 8 25 71
2 8 47 75
2 7 50 72
4 5 6 47
2 5 7 85
2 7 53 84
4 6 12 82
2 6 14 82
3 6 54 86
4 6 53 87
4 5 7 17
4 6 43 16
2 7 53 13
3 7 53 13
2 8 58 15
3 5 6 18
4 5 8 44
3 5 9 1
4 5 12 76
3 7 35 76
1 7 36 76
2 10 48 76
3 6 21 77
1 6 20 75
2 5 12 7
4 7 49 7
1 7 48 8
1 6 22 6
3 7 33 6
3 7 47 4
4 6 33 6
3 6 48 9
1 6 55 7
4 5 13 3
3 6 13 3
4 8 19 1
2 5 14 67
3 8 45 67
4 8 83 66
1 7 46 69
2 6 70 67
3 6 84 64
3 5 14 64
2 6 29 64
3 6 26 65
4 6 29 63
4 6 65 65
3 8 70 69
4 5 14 64
1 7 55 66
3 5 14 44
4 5 13 43
4 5 15 24
3 7 42 25
3 7 47 23
4 6 59 23
3 6 67 26
4 5 16 43
2 5 17 9
1 7 29 6
1 5 18 96
1 5 19 98
3 6 59 99
4 5 19 78
4 5 19 55
2 8 72 54
1 7 72 56
1 5 20 92
2 5 20 85
4 6 42 86
3 5 20 38
1 6 30 35
2 6 66 37
4 5 20 26
2 8 52 27
1 8 54 25
2 7 19 26
4 7 24 25
3 8 24 24
4 5 20 17
4 6 25 18
1 5 21 81
3 5 21 28
2 7 39 29
1 8 38 26
4 6 32 28
2 5 28 15
2 8 64 13
4 6 29 14
3 7 43 12
1 8 42 12
1 5 29 96
2 6 30 96
1 7 64 96
3 11 64 95
4 5 30 94
4 6 56 94
1 7 56 99
3 5 28 96
3 5 30 97
4 5 32 77
1 6 52 77
4 5 34 64
3 7 51 61
2 5 34 44
2 5 36 82
3 5 38 68
3 5 40 38
2 9 41 38
4 5 40 21
4 5 42 15
1 5 44 5
3 6 46 9
4 5 47 13
1 5 49 58
1 7 55 56
1 5 49 48
4 5 49 19
2 5 50 55
2 5 50 38
3 5 48 36
4 5 53 37
1 6 55 32
3 6 54 32
3 5 56 76
3 5 56 53
4 7 62 53
2 5 57 74
1 5 56 74
3 5 58 53
1 6 59 54
4 5 57 55
1 5 55 56
2 5 60 92
4 5 60 21
3 5 61 34
1 5 62 28
3 6 61 28
1 5 62 18
3 5 68 61
3 5 68 24
2 5 72 61
2 5 78 39
1 5 80 61
4 4 3 87
1 7 26 85
4 8 27 85
1 8 34 83
4 6 42 83
2 5 27 82
3 5 31 83
3 5 34 82
4 4 3 11
2 6 12 11
1 4 4 81
2 5 36 82
4 5 41 82
2 4 3 82
3 4 4 57
2 8 39 56
1 5 47 54
1 4 4 51
4 6 22 53
2 5 5 53
3 6 4 55
1 9 4 52
3 8 40 55
3 6 37 53
1 5 11 54
2 4 3 56
1 5 7 57
2 5 14 55
4 6 18 51
4 4 4 52
1 6 14 51
1 10 37 51
4 5 38 58
4 4 4 46
3 7 4 45
4 6 31 46
1 5 10 47
2 6 51 47
3 5 31 47
4 6 40 47
2 4 3 47
4 4 4 32
4 6 54 31
1 4 4 16
1 6 45 16
3 6 46 16
3 5 17 15
3 6 22 15
1 8 22 14
1 5 26 13
1 4 4 13
3 6 7 13
4 5 25 12
1 7 43 11
2 6 25 13
2 4 5 72
2 6 11 73
4 5 21 75
4 5 29 71
1 6 30 72
1 4 5 71
2 4 5 52
4 6 7 54
1 5 24 51
4 4 5 42
1 8 21 42
3 6 5 41
3 5 33 47
2 6 33 47
4 5 42 49
4 4 5 31
1 6 9 31
4 7 43 34
2 5 9 31
4 5 18 33
2 6 25 34
2 5 27 36
4 6 33 37
4 5 51 34
1 4 6 64
3 7 37 64
1 6 12 63
2 7 43 61
3 5 13 61
3 7 49 62
3 5 23 63
4 6 39 64
1 5 35 61
1 5 37 65
1 4 6 22
1 11 20 22
3 6 18 24
1 6 28 25
3 6 31 21
3 5 53 23
3 4 6 21
4 5 10 22
3 5 9 23
2 6 29 24
4 6 34 26
2 4 6 1
1 5 17 1
1 4 5 2
1 6 49 1
4 5 6 2
4 5 21 3
3 5 20 5
2 5 20 3
1 6 19 3
4 4 7 79
3 4 7 79
2 6 23 77
4 4 7 49
3 4 5 48
2 4 4 47
2 4 5 47
1 4 7 1
2 4 8 79
2 6 12 77
3 4 8 4
2 5 21 5
3 5 21 3
1 6 41 1
2 5 27 5
1 4 9 96
2 5 22 97
2 5 43 97
1 5 62 97
4 4 9 72
1 4 11 78
2 4 11 63
3 8 11 62
1 7 31 62
2 6 33 64
4 5 24 63
4 6 44 62
3 4 12 28
3 4 12 24
1 6 19 21
4 4 13 96
4 5 59 94
1 4 13 91
4 5 15 91
4 4 13 28
1 4 13 24
4 7 22 21
1 6 24 21
4 5 31 24
1 5 39 23
3 4 13 1
4 4 14 67
2 5 45 65
3 4 14 57
2 10 37 59
3 6 35 56
3 4 15 92
1 5 31 93
4 5 40 94
4 4 15 24
2 5 14 22
2 5 35 28
3 4 16 35
3 6 36 35
2 9 36 34
1 6 44 35
2 5 16 35
2 4 16 24
2 4 17 94
3 6 38 93
4 6 35 91
2 5 39 93
2 4 17 62
3 4 18 72
2 4 18 73
1 5 18 75
4 4 19 66
1 7 20 63
1 6 79 68
2 5 19 66
1 6 47 68
4 5 45 68
2 4 19 23
4 5 37 23
2 4 19 15
3 6 24 15
1 7 23 16
1 4 19 2
3 4 20 96
2 5 31 97
1 4 19 96
2 4 20 1
1 4 22 66
1 4 23 5
4 5 40 6
4 4 24 67
4 5 38 66
2 4 24 67
3 5 41 66
1 4 24 16
3 4 26 93
2 5 28 91
3 4 26 44
3 4 26 11
3 4 27 24
3 4 28 77
4 5 27 78
3 4 28 77
1 4 28 54
3 4 28 27
2 4 29 42
3 4 29 17
4 4 30 37
1 4 30 32
4 4 31 96
3 5 37 95
1 4 32 94
2 6 30 95
1 6 36 92
4 5 40 97
4 4 32 82
2 4 33 66
1 4 33 59
2 4 33 13
4 4 34 87
1 5 40 84
3 4 35 74
4 4 35 29
3 4 36 85
4 4 36 86
6 5 37 83
2 5 37 87
1 4 36 63
2 4 36 52
3 4 36 55
1 4 37 7
4 4 38 9
1 4 39 41
1 4 41 98
1 4 43 42
4 4 43 2
4 4 46 37
4 4 47 61
3 4 49 12
4 4 50 2
4 4 51 76
3 4 51 57
1 4 52 37
1 4 55 89
4 4 55 82
4 3 2 56
3 4 2 53
2 4 3 58
3 6 16 55
2 5 22 53
3 5 21 52
2 4 10 57
4 6 27 56
1 4 17 55
4 4 31 55
2 4 37 52
2 4 43 52
3 3 3 92
4 4 25 92
1 4 28 91
4 4 33 92
3 4 31 91
1 3 3 73
3 6 4 75
4 6 3 72
1 4 4 76
1 6 29 74
2 5 28 74
1 4 9 71
3 6 44 74
3 4 15 74
2 4 20 73
2 3 3 76
3 4 18 76
3 4 26 74
2 3 3 71
2 4 7 71
4 4 35 73
2 3 3 55
6 5 28 53
1 4 22 56
1 5 31 56
3 4 27 58
4 4 29 54
5 5 27 52
1 4 39 52
1 3 3 47
4 4 31 45
3 4 31 47
3 3 3 46
2 3 3 44
4 4 4 42
1 4 3 41
3 4 15 44
5 4 17 43
3 4 25 41
4 5 25 41
3 5 31 42
3 4 45 41
3 3 3 38
4 5 18 38
1 5 44 39
3 4 24 38
3 5 45 37
1 4 28 34
2 3 3 36
3 4 29 34
4 4 30 34
3 5 38 36
1 3 3 38
4 4 44 37
4 3 3 29
2 3 3 24
2 6 25 23
1 7 26 23
1 5 3 23
2 6 5 22
4 7 4 23
3 5 31 26
4 4 40 27
3 5 39 27
2 3 3 21
1 5 3 21
4 4 11 22
3 4 20 22
2 4 42 21
3 3 2 21
3 3 3 12
4 6 16 14
4 4 12 12
1 4 16 11
2 4 15 11
4 3 4 79
2 4 5 77
4 5 28 75
3 6 29 76
1 3 3 78
1 3 4 74
1 6 16 74
1 4 9 72
3 4 16 71
3 3 3 73
2 5 46 72
5 4 18 73
2 4 22 72
4 4 21 72
2 4 28 71
1 5 28 72
3 3 4 73
6 5 17 73
1 4 17 72
4 5 17 72
2 3 3 73
1 3 4 69
1 5 29 69
2 5 37 69
3 4 21 68
1 5 34 67
1 4 32 65
3 6 41 64
4 4 45 67
2 3 4 68
4 5 26 68
3 4 4 68
1 4 4 67
4 6 6 67
2 5 14 65
3 5 15 65
4 4 35 66
1 3 4 35
3 3 4 31
2 4 39 31
1 3 2 31
2 3 2 31
3 3 2 33
1 4 30 35
2 4 41 31
4 3 2 34
2 5 25 36
4 4 4 33
2 5 27 33
3 4 7 33
1 3 2 31
2 3 4 28
1 5 31 27
1 4 4 26
3 3 4 6
1 5 7 4
1 4 4 7
3 3 5 94
3 6 8 94
1 4 5 94
4 6 28 92
2 4 3 94
4 5 6 95
4 4 7 96
2 4 7 97
2 4 9 96
4 5 9 92
1 5 15 95
4 5 17 95
2 4 17 95
4 4 46 97
3 3 3 95
2 3 5 96
1 3 5 93
2 3 5 66
2 3 5 27
3 3 4 28
1 4 6 26
2 5 26 26
6 3 5 24
2 4 21 24
3 4 21 21
4 3 5 26
1 4 12 24
4 3 5 5
4 5 11 5
1 5 11 6
2 4 21 4
1 5 21 3
4 5 22 3
1 3 6 88
4 4 17 87
2 4 52 88
4 3 6 64
3 5 6 63
4 5 20 63
3 4 35 61
4 4 33 61
3 3 6 61
2 3 6 61
2 3 6 25
4 3 6 11
1 4 35 12
3 4 36 13
3 3 7 81
4 4 28 81
1 4 47 82
4 3 7 66
2 4 19 64
3 6 23 67
4 4 25 61
1 3 6 66
2 7 25 65
2 4 7 65
1 4 8 64
1 6 11 64
4 5 8 63
4 5 13 65
2 3 7 22
4 4 19 22
3 4 34 22
1 4 40 21
2 3 7 15
4 5 7 14
1 4 6 14
2 4 11 17
2 6 21 15
1 5 31 17
4 4 30 17
2 4 30 14
1 4 28 12
4 4 28 12
2 4 35 11
2 4 48 17
3 3 6 16
1 4 10 16
2 5 13 17
1 4 16 18
2 4 17 19
4 3 6 14
2 3 6 13
3 4 11 11
4 4 21 11
4 5 29 12
4 3 8 73
5 4 13 72
4 5 16 75
1 4 22 71
6 3 8 63
4 4 11 61
5 3 8 14
2 3 8 3
1 5 16 1
2 4 11 3
6 3 8 4
3 3 9 81
3 5 19 81
1 4 20 82
3 4 25 83
3 3 9 54
2 4 8 52
1 3 9 3
2 3 10 85
3 5 10 83
4 4 12 81
2 4 22 83
4 3 10 76
2 3 10 74
5 3 10 76
2 3 10 77
4 3 10 55
2 4 14 52
2 3 10 32
1 6 10 32
1 4 12 34
5 5 22 33
4 4 13 31
3 5 17 33
3 4 22 31
6 4 21 33
2 3 10 12
1 6 14 14
2 4 13 13
4 3 11 96
3 3 11 96
3 3 11 83
4 4 20 83
2 3 11 72
5 3 11 33
4 3 11 26
2 4 15 28
1 4 27 28
1 3 11 2
4 4 34 2
3 4 42 2
4 3 12 98
2 3 12 75
3 3 12 74
4 3 11 75
3 3 12 53
1 4 22 51
1 5 26 54
1 3 12 41
3 3 10 41
3 5 18 41
1 4 17 43
3 3 12 34
1 4 18 34
2 4 18 33
2 4 22 35
2 3 12 28
4 4 13 28
3 4 15 27
4 3 13 54
3 3 14 66
2 3 14 53
4 3 14 54
2 5 18 53
3 4 19 54
1 3 14 26
6 3 13 26
5 3 13 26
3 3 15 92
4 3 15 73
4 3 15 66
2 3 15 44
2 3 16 68
2 4 29 67
4 3 16 57
2 4 37 58
4 3 16 46
2 5 16 45
4 3 16 49
1 3 16 47
6 4 15 45
1 4 25 47
1 3 16 39
1 3 16 9
1 3 17 92
3 3 16 93
6 3 17 92
2 3 17 82
1 4 18 85
3 3 17 61
2 3 17 23
1 3 18 62
1 3 18 12
2 3 17 11
3 4 24 13
1 3 19 49
4 3 19 49
6 3 20 92
5 3 20 93
2 3 19 92
3 3 18 93
1 3 20 93
1 3 20 89
3 5 31 86
4 3 20 88
3 4 20 87
3 3 20 32
4 4 27 31
2 3 21 96
1 4 23 95
2 5 30 96
2 4 22 96
3 3 20 97
6 3 18 95
1 6 18 95
4 3 21 95
1 4 23 95
2 4 22 95
3 3 21 96
1 4 31 98
3 3 21 81
3 3 21 45
1 3 21 43
2 3 21 42
4 3 21 43
2 3 21 31
2 3 22 88
3 3 22 88
5 3 21 85
2 3 22 59
2 3 22 8
3 4 30 6
1 3 22 2
3 3 23 91
1 4 32 92
4 3 23 81
1 6 24 81
5 4 24 84
1 3 23 37
2 3 23 1
2 4 28 2
1 3 24 99
3 3 24 96
2 4 31 97
1 3 25 79
3 4 29 79
2 3 25 77
2 3 26 14
4 3 25 14
2 3 27 18
1 3 26 19
3 3 27 3
4 3 28 59
2 3 29 43
2 3 30 49
4 3 29 49
4 3 30 41
2 3 30 12
3 3 29 11
2 3 30 2
2 3 31 37
1 3 31 37
3 3 32 38
4 3 31 39
1 3 32 22
2 3 32 6
4 3 33 38
2 3 33 31
4 3 33 22
1 3 33 2
1 3 35 31
1 3 36 99
4 3 37 9
4 3 38 22
3 3 38 17
4 3 38 17
1 3 39 61
4 3 39 21
2 3 40 89
2 3 42 59
4 3 43 52
1 3 43 31
2 3 44 62
4 4 44 61
3 3 45 61
4 3 45 22
2 3 46 99
2 3 46 59
2 3 46 8
3 3 48 41
3 3 49 9
3 3 51 9
2 3 54 29
1 3 54 9
3 3 55 51
1 3 54 51
4 3 55 9
4 3 59 49
3 3 64 89
3 2 2 85
1 5 20 84
2 4 20 84
4 3 2 83
1 4 3 85
4 7 13 86
2 5 22 87
1 4 8 84
6 4 16 83
1 3 4 81
6 5 7 82
3 3 4 83
2 3 6 86
1 3 8 83
4 3 13 86
3 3 12 85
1 3 12 85
2 3 20 86
3 3 24 81
4 3 25 88
4 3 29 88
3 2 2 56
4 2 2 57
4 4 6 56
4 3 9 57
3 3 10 59
4 3 13 57
2 6 13 56
1 3 13 54
4 3 17 52
4 4 28 52
2 3 18 55
4 3 35 58
3 3 36 59
3 2 2 15
4 3 2 15
6 3 12 16
5 3 13 15
3 3 15 18
4 3 30 17
2 2 2 13
6 3 21 12
3 3 25 12
1 3 25 11
3 2 2 14
3 4 11 13
5 3 19 12
3 2 2 8
3 3 5 8
1 4 7 9
3 4 7 6
2 3 6 8
4 3 6 8
4 3 9 7
4 4 19 9
2 3 8 8
3 3 8 9
1 3 9 7
1 3 30 8
2 3 29 8
4 3 28 8
2 2 2 7
1 3 16 5
4 2 2 7
1 3 10 7
2 3 16 8
3 2 2 5
4 4 11 4
4 3 17 4
2 2 2 5
6 3 11 4
4 3 25 2
3 2 3 99
4 4 42 99
4 3 21 98
3 3 22 97
2 4 22 97
2 3 35 99
4 2 3 98
3 2 3 85
3 5 7 84
4 3 3 85
5 4 6 83
6 4 6 84
1 5 10 86
3 3 4 87
2 5 5 86
4 4 5 84
5 4 4 85
1 5 4 87
5 2 3 87
3 3 5 88
4 3 4 89
6 3 3 87
5 4 6 86
1 3 16 89
4 3 15 89
1 2 2 87
3 3 12 88
3 2 2 88
3 2 3 81
4 3 4 81
1 3 4 83
2 4 3 82
1 3 8 82
3 4 8 81
3 2 3 73
5 2 3 72
3 3 9 72
4 3 9 71
2 2 3 73
2 3 13 74
6 3 12 74
1 3 16 76
1 2 3 72
4 3 4 72
6 4 3 73
3 3 17 71
5 2 3 72
3 3 6 71
4 2 3 69
1 3 8 68
1 4 13 68
4 3 17 67
3 4 22 64
2 3 22 65
2 2 3 66
4 4 24 67
3 3 7 67
5 3 19 65
1 2 3 65
5 2 3 65
6 4 17 64
1 4 17 65
3 3 3 64
4 4 17 66
5 3 5 64
1 3 15 63
5 3 16 62
2 3 26 62
3 3 25 61
6 2 3 66
5 3 9 66
4 2 3 58
1 3 8 56
3 5 14 55
1 4 10 57
2 3 8 57
3 3 11 59
2 3 18 55
1 2 3 55
3 2 3 41
2 3 23 41
1 3 26 41
3 3 25 42
3 2 3 37
2 3 8 35
1 3 14 37
1 3 17 36
4 3 17 37
6 4 17 36
3 3 37 38
4 3 36 38
5 2 3 26
2 3 7 26
3 2 3 25
1 2 3 26
6 3 6 26
1 3 6 27
5 4 5 26
1 4 11 27
4 2 3 18
1 2 3 16
6 2 3 16
1 3 21 17
4 3 30 17
1 2 3 13
2 3 8 11
3 3 20 14
2 2 3 11
1 2 4 97
3 4 4 97
1 4 6 96
3 3 6 97
5 3 16 95
2 4 16 93
5 3 17 94
2 2 4 88
4 2 4 89
2 2 4 89
3 2 3 88
1 2 4 78
2 3 15 77
4 2 4 73
1 3 7 74
2 4 7 74
6 3 7 75
3 2 4 74
6 2 3 73
5 2 3 74
1 3 3 73
6 2 2 72
4 2 4 69
2 2 4 66
3 4 8 67
6 5 8 68
2 3 8 67
5 2 4 67
1 3 4 67
4 2 4 61
1 4 13 61
2 2 4 58
3 3 4 57
3 3 15 58
4 3 15 56
4 2 4 46
3 3 12 46
2 4 14 46
3 2 4 42
2 3 9 41
2 4 23 42
4 3 12 41
2 3 18 41
4 3 19 43
4 2 4 37
4 3 9 36
3 4 13 38
2 3 10 36
2 3 17 38
4 3 17 37
3 3 17 38
2 2 3 37
1 4 3 36
5 3 8 35
2 4 10 37
6 3 8 35
4 3 8 35
2 2 3 36
1 3 9 36
3 2 3 35
1 3 3 34
5 3 6 35
1 3 16 34
5 3 15 34
4 3 15 32
4 3 31 32
3 2 3 34
2 3 7 32
3 3 12 31
5 2 3 33
1 4 4 34
6 5 3 35
3 3 6 35
1 2 2 34
1 2 3 34
2 2 4 17
3 3 4 17
2 3 10 19
2 3 14 17
4 3 14 19
4 2 3 16
5 2 3 17
2 3 5 17
6 3 6 15
2 3 13 17
2 2 3 18
3 3 5 16
4 3 6 14
1 3 6 12
3 3 11 18
2 3 17 11
1 4 17 12
1 2 3 19
3 2 3 18
4 2 3 17
1 3 11 17
2 3 11 18
3 3 16 19
3 2 4 4
5 3 4 4
2 4 16 4
5 3 9 5
4 2 4 6
5 2 3 6
3 4 9 5
6 3 3 7
2 7 9 5
6 3 6 7
5 3 5 7
4 3 4 7
1 2 3 6
1 4 14 4
6 3 2 5
4 4 10 5
3 3 10 3
3 2 5 94
3 2 5 86
4 3 6 86
2 2 5 45
6 3 18 43
6 2 4 44
2 3 6 44
5 2 5 45
1 3 11 43
6 4 11 42
3 2 5 46
6 2 5 45
5 3 10 43
4 3 10 44
3 4 10 44
1 2 5 37
4 3 5 35
1 4 10 37
3 2 5 28
5 2 5 16
2 2 6 97
4 3 14 95
4 2 6 92
4 4 14 91
3 3 10 92
1 2 5 92
4 3 7 91
2 2 5 92
6 3 13 93
4 3 13 91
3 2 6 78
3 3 13 78
1 2 6 76
3 3 5 76
4 2 5 75
5 4 5 75
6 2 6 76
4 2 6 76
2 2 6 64
1 3 5 64
6 3 5 63
3 3 7 63
5 4 6 62
2 3 7 62
3 3 26 61
1 3 25 61
2 2 5 63
4 2 6 48
1 3 5 48
1 3 14 47
2 3 18 48
4 3 17 47
3 3 22 49
2 2 6 49
3 3 11 48
1 2 5 48
1 3 17 48
3 2 6 49
4 2 6 45
1 2 6 46
5 4 6 44
4 2 6 41
5 2 6 23
2 3 18 21
2 3 21 22
3 4 42 22
1 2 6 19
3 2 6 14
6 2 6 12
4 3 6 13
5 3 6 13
3 3 6 12
6 2 6 12
2 2 6 2
3 3 6 2
2 4 10 1
4 3 6 1
5 3 6 1
3 3 16 1
6 3 16 2
5 3 16 2
3 2 7 98
5 3 9 96
2 2 7 99
4 2 7 82
5 2 6 82
2 3 24 81
2 2 7 81
1 2 7 79
5 2 7 57
6 3 7 56
4 3 7 57
3 3 10 57
5 3 13 55
3 3 16 58
4 3 17 58
6 2 6 58
5 3 6 57
2 3 8 55
3 2 5 57
1 2 6 56
6 3 11 54
3 3 11 54
6 2 7 53
4 3 10 54
3 2 7 54
5 3 6 53
4 3 8 51
1 3 8 53
1 2 6 55
6 2 7 23
3 3 10 24
5 2 7 17
6 2 7 13
4 2 7 11
2 2 7 12
5 3 6 12
1 2 6 13
4 2 6 13
4 2 7 14
5 2 7 3
2 3 8 4
1 3 12 2
4 2 7 2
3 5 11 1
2 2 8 71
1 2 8 48
2 2 8 47
3 2 8 31
2 2 8 32
2 2 8 27
6 2 8 3
5 2 8 4
6 2 8 5
2 3 7 4
4 2 7 4
3 2 7 5
5 2 7 4
3 2 8 3
1 2 9 77
1 2 9 72
2 2 9 71
3 2 9 62
1 2 9 43
2 2 8 43
3 2 9 41
2 2 9 41
2 2 9 32
6 3 9 32
4 3 22 31
1 2 8 32
4 3 9 31
2 2 10 98
4 2 10 69
3 2 10 68
1 2 10 65
1 2 10 61
2 2 10 61
1 2 10 49
5 2 10 47
2 2 10 42
5 2 10 42
2 2 10 37
3 2 9 37
2 2 10 23
4 4 21 21
1 3 18 22
1 5 24 21
4 3 17 21
3 3 20 21
2 4 19 21
4 3 22 23
1 2 10 15
2 2 10 11
4 2 10 1
2 2 11 93
1 2 11 79
4 2 11 61
4 2 11 25
4 2 11 17
1 2 12 97
3 3 13 96
4 2 12 96
5 3 12 94
6 2 11 96
1 4 12 95
6 2 12 97
5 2 12 98
4 3 11 98
4 2 12 94
1 2 12 72
3 2 11 71
1 2 12 62
2 2 12 39
2 2 12 27
4 3 11 27
3 2 12 21
2 3 13 21
3 3 17 21
2 3 17 21
1 3 17 21
2 3 23 21
1 3 29 21
1 2 12 22
4 2 12 22
3 2 12 11
2 2 12 8
3 2 13 94
2 2 13 82
6 2 12 82
1 2 11 81
4 2 11 81
1 2 11 81
3 3 11 81
2 2 11 81
2 2 13 48
6 2 13 22
4 3 22 21
3 2 13 23
5 3 13 22
1 3 13 23
2 2 13 17
3 2 13 11
3 2 13 8
1 2 14 58
2 2 14 58
1 2 14 58
1 2 14 51
4 2 14 49
4 2 15 61
1 2 15 28
3 2 16 81
1 2 16 41
4 2 16 28
2 2 16 28
1 2 17 88
3 2 17 68
4 2 17 59
3 2 17 48
2 2 18 91
3 2 18 92
3 2 18 89
2 2 18 62
2 2 19 99
3 2 19 51
2 2 18 51
4 3 18 51
1 2 19 41
4 3 19 41
1 2 19 31
4 2 20 89
4 2 20 61
4 2 20 29
2 2 20 22
1 2 21 78
1 2 23 81
2 2 23 59
3 2 23 51
4 2 23 41
3 2 23 41
2 2 23 41
1 2 22 41
1 2 23 19
3 2 23 9
2 2 24 91
1 2 24 59
1 2 25 71
3 2 25 52
4 2 24 51
4 2 26 79
4 2 26 41
2 2 25 41
2 2 26 31
4 2 25 31
3 2 24 31
3 2 25 31
1 2 27 71
2 2 26 71
3 2 25 71
1 2 27 49
2 2 27 41
4 2 26 41
2 2 27 19
2 2 27 1
1 2 28 71
4 2 28 49
3 2 28 19
3 2 29 89
1 2 29 81
1 2 29 79
2 2 29 1
4 2 30 49
1 2 31 79
1 2 31 39
3 2 32 89
1 2 32 51
3 2 32 51
2 3 32 51
1 2 30 51
1 2 32 51
4 2 32 29
3 2 33 1
1 2 35 51
4 2 35 21
2 2 35 1
3 2 35 1
3 2 38 39
1 2 37 39
3 2 38 29
1 2 39 19
3 2 40 29
4 2 43 29
3 2 45 91