8873
1897
5 7 38 56
6 6 90 20
7 5 4 25
3 5 5 47
2 5 9 81
8 6 9 84
6 5 18 59
2 5 45 37
1 5 65 2
1 5 69 12
2 5 75 76
3 4 1 68
2 4 1 1
6 4 2 14
1 4 3 49
2 4 3 45
5 5 4 48
7 5 57 45
8 4 3 47
8 5 70 43
2 4 7 87
3 4 8 84
6 4 8 37
6 5 72 34
4 5 72 37
3 4 15 53
5 4 15 53
5 4 18 19
3 4 18 19
6 4 19 60
3 5 36 61
3 4 20 87
2 4 21 30
7 4 34 60
4 4 43 77
7 4 46 48
5 4 47 77
4 4 50 47
7 5 50 47
7 4 50 6
3 4 52 46
4 4 53 10
5 4 55 30
5 4 58 74
7 4 60 37
5 4 61 25
8 4 61 14
2 5 61 14
7 4 72 25
5 4 83 8
4 3 1 78
7 4 69 76
7 3 2 56
8 4 72 58
7 3 2 22
5 4 27 24
1 3 2 16
4 3 2 14
2 4 70 13
8 4 70 16
6 3 2 9
5 6 78 9
5 4 70 11
2 3 2 9
1 4 2 8
1 4 81 8
4 3 3 81
3 3 3 72
8 5 3 71
7 5 83 73
1 4 60 74
7 3 3 45
2 3 3 36
7 3 4 84
1 3 4 25
1 3 5 65
4 4 24 67
7 4 54 69
8 3 5 67
8 3 5 27
7 4 12 28
3 4 69 24
5 3 6 30
4 4 12 28
5 4 11 28
3 4 72 27
8 5 72 28
3 3 6 30
8 4 20 32
3 5 50 31
6 4 46 31
3 4 46 32
4 3 7 60
2 3 7 41
2 3 7 27
2 3 9 49
6 4 39 49
3 4 41 50
4 3 9 28
2 4 9 26
7 5 17 28
8 3 9 2
4 4 9 3
4 3 10 78
7 4 10 77
4 3 10 41
6 3 11 60
8 4 28 60
2 4 66 63
8 4 76 63
2 3 11 62
4 3 11 61
1 4 31 60
4 3 14 50
8 4 18 50
4 4 20 49
6 5 38 51
8 4 69 49
4 3 15 61
2 4 31 61
4 4 38 60
1 3 15 60
5 3 14 59
7 4 50 57
3 5 50 59
1 4 61 60
6 3 16 6
2 3 17 27
7 4 48 24
7 3 17 23
5 5 52 20
3 4 52 20
2 3 17 20
1 4 68 19
8 4 78 21
4 3 18 63
5 3 17 63
7 4 55 63
5 4 58 62
2 4 58 64
2 3 18 52
4 4 33 50
7 3 20 50
1 3 21 88
8 3 21 64
5 3 23 29
6 4 34 30
4 4 34 31
2 4 35 32
2 4 49 29
1 3 23 30
6 3 22 30
3 3 21 29
7 4 21 28
1 3 26 24
6 3 27 88
2 4 37 86
4 4 78 85
6 3 28 48
7 3 28 25
2 4 47 23
4 3 28 26
1 3 29 31
8 4 29 32
3 3 31 42
4 4 62 43
6 5 69 39
3 3 31 33
8 3 31 35
7 4 75 35
3 4 75 37
5 3 32 65
7 4 75 66
3 3 32 67
4 3 32 58
7 3 32 60
3 4 54 58
3 3 32 48
5 3 32 48
1 3 33 88
6 3 33 89
7 3 34 36
2 4 60 36
6 4 60 37
2 3 35 69
2 3 35 51
4 3 35 51
7 3 37 85
3 3 39 87
1 3 41 30
4 3 41 27
6 3 41 28
1 4 45 28
1 3 42 65
8 5 42 64
6 3 42 53
1 4 68 54
6 4 70 54
2 4 70 54
3 3 42 53
6 3 41 53
6 3 42 38
4 4 73 38
5 3 43 26
6 3 44 74
2 3 46 63
6 3 46 62
5 3 46 63
7 3 48 84
1 3 48 84
8 3 49 73
3 3 49 72
8 3 49 41
2 3 50 85
3 3 50 66
3 5 67 64
5 4 67 66
1 3 50 21
8 3 51 56
1 4 51 57
3 3 52 52
6 3 52 53
3 3 53 74
2 3 53 72
7 3 53 74
4 3 53 71
3 3 54 72
6 3 54 73
6 3 54 59
7 3 54 22
3 3 54 23
5 3 56 59
4 3 58 36
7 3 58 33
6 3 59 76
1 3 59 6
3 3 61 84
8 4 63 82
6 4 68 79
5 3 61 84
8 3 61 44
1 4 62 44
8 4 71 42
4 4 71 43
8 3 61 7
2 5 77 9
4 4 61 7
5 3 62 47
7 3 62 44
1 3 64 45
1 4 68 43
4 3 64 33
7 3 65 22
8 3 67 19
7 3 68 67
4 3 68 68
1 3 67 67
2 4 68 66
8 3 66 67
2 3 67 68
8 3 70 76
8 3 70 23
3 4 71 24
6 3 71 62
8 3 72 74
3 3 72 13
8 3 72 14
7 3 72 13
1 3 73 8
7 4 74 8
4 3 74 13
5 3 74 9
1 3 73 6
1 2 1 89
8 4 19 87
8 2 1 89
5 3 15 88
1 3 15 88
6 3 24 87
1 3 24 87
6 3 70 86
2 2 1 85
7 3 48 84
8 3 59 82
3 3 59 82
7 3 58 83
2 4 60 82
5 3 59 79
4 3 60 84
3 2 1 81
7 2 1 80
2 3 41 79
8 4 41 79
3 3 56 79
4 3 60 81
7 3 59 82
1 4 62 80
1 3 71 82
7 2 1 68
6 3 7 66
3 3 13 67
1 3 14 68
7 3 23 69
1 3 22 68
5 3 26 70
1 3 26 71
1 4 37 72
8 3 28 72
3 3 28 74
4 3 28 73
1 3 42 64
8 3 54 63
4 3 56 61
3 3 57 75
8 3 56 76
6 3 56 74
2 3 59 70
8 4 59 69
4 2 1 66
7 3 51 67
2 3 53 69
3 3 59 68
4 3 60 68
1 3 61 64
8 3 61 65
7 3 61 65
1 2 1 62
2 3 28 62
5 3 37 63
3 3 68 61
1 2 1 36
6 3 4 34
7 3 15 35
1 4 15 35
2 4 48 36
4 5 51 37
8 3 21 34
5 3 22 33
5 3 23 37
5 3 45 32
7 3 47 39
4 3 46 39
6 3 46 39
1 4 67 40
8 3 49 38
6 3 58 35
3 3 59 36
6 3 66 40
8 3 69 40
4 3 71 33
4 3 77 42
1 2 1 31
2 3 36 32
6 3 36 32
4 3 40 32
6 4 70 33
7 3 39 32
2 3 40 32
1 3 40 34
6 4 40 34
2 3 58 34
8 3 64 35
4 3 64 35
7 2 1 31
7 3 30 32
1 4 53 31
8 3 42 29
2 3 44 29
4 2 1 31
1 3 3 29
2 3 20 27
7 3 23 26
7 4 49 25
2 3 48 24
1 3 55 27
6 3 60 24
4 2 1 28
6 4 7 27
3 3 27 29
5 3 27 29
1 2 1 26
2 3 30 24
8 3 30 26
8 4 50 26
5 2 1 27
5 3 34 25
2 3 34 27
1 3 36 25
1 3 41 27
5 3 41 28
3 2 1 23
7 4 41 21
5 4 49 19
4 4 53 18
2 3 32 21
8 3 38 21
2 4 39 21
5 3 37 20
3 3 38 20
2 2 1 24
4 2 1 22
2 3 1 20
4 3 6 21
7 3 16 18
6 3 19 16
5 3 42 19
7 3 48 15
8 3 51 19
7 3 53 15
7 3 55 22
6 3 56 22
7 3 58 14
4 3 58 15
4 4 67 15
8 2 1 20
1 3 15 19
1 3 32 20
4 3 36 19
2 3 49 20
2 3 53 22
1 2 1 5
6 3 72 6
2 3 71 5
6 2 1 5
2 3 26 6
1 3 27 6
8 3 27 7
8 3 58 5
8 2 1 2
3 3 63 3
8 4 67 4
5 3 63 5
3 3 68 1
5 3 71 5
4 3 71 1
5 3 71 1
7 2 2 83
7 3 20 81
4 3 20 82
3 4 20 79
1 4 40 77
7 3 20 79
6 4 57 80
7 3 50 82
4 3 50 84
8 3 55 78
3 3 59 81
7 5 59 81
4 3 58 79
8 3 64 83
1 3 64 78
5 3 70 75
2 3 70 76
6 2 2 82
6 4 41 82
6 3 13 82
1 3 23 82
2 3 28 82
7 4 34 81
2 3 34 81
2 3 37 84
5 3 52 81
2 2 2 83
1 3 3 84
6 3 2 83
2 3 46 82
6 3 48 83
3 2 1 83
3 4 33 81
6 3 10 83
8 4 31 84
7 3 18 82
4 3 18 82
5 3 17 83
6 3 20 81
8 3 26 82
8 3 36 83
5 2 1 84
2 2 2 66
1 3 9 67
8 3 9 68
6 3 19 64
8 3 24 66
1 5 49 65
7 4 49 64
8 4 62 62
4 6 62 62
3 3 33 64
7 3 33 63
4 3 44 62
5 3 52 64
8 3 55 62
3 3 56 63
7 3 56 61
2 3 55 61
7 3 59 69
7 3 64 61
7 2 2 65
5 2 2 66
6 3 3 65
2 3 4 67
7 3 5 65
3 3 7 68
4 3 7 64
7 4 25 64
5 5 50 63
7 3 11 68
1 3 12 64
6 3 12 64
6 3 19 69
3 4 44 69
8 4 52 69
3 3 24 67
6 3 24 68
3 3 29 64
6 3 28 64
8 3 27 63
6 3 37 66
1 3 44 63
1 3 55 69
4 2 2 65
1 3 4 65
2 3 39 62
6 4 60 62
3 3 59 60
1 2 2 56
5 3 51 55
4 4 57 55
4 3 51 55
1 3 66 55
6 2 2 42
2 3 2 42
2 3 56 43
5 3 64 42
1 3 77 40
8 2 2 41
2 3 14 39
2 4 35 40
5 4 56 41
7 3 14 40
4 3 21 39
5 3 46 37
2 4 47 38
4 2 2 42
5 3 26 42
6 3 26 43
7 3 28 41
8 3 34 42
7 5 51 40
7 4 55 43
1 6 55 43
1 3 36 45
7 3 57 40
8 3 58 45
2 3 59 47
7 3 59 48
3 3 59 50
8 3 58 50
1 4 59 48
8 3 59 39
3 3 62 51
5 3 61 50
2 3 62 49
6 3 62 42
4 3 66 44
6 4 68 45
7 3 66 44
7 2 2 42
5 3 6 41
7 4 6 39
2 4 18 40
6 5 18 41
7 4 33 39
1 3 6 39
3 4 41 37
8 3 21 38
2 4 21 40
1 3 21 38
4 4 49 41
5 3 20 39
5 3 38 36
1 4 38 36
8 6 38 37
4 4 37 34
1 4 48 37
5 3 42 33
7 3 43 36
2 3 47 40
3 4 48 42
7 3 47 41
1 3 47 41
8 4 52 43
5 3 49 34
8 3 50 33
4 3 55 36
5 2 2 39
5 3 37 40
4 3 37 42
8 3 38 39
5 2 2 18
4 5 2 17
4 3 13 18
8 3 13 19
7 4 29 20
1 6 55 19
1 4 56 19
2 3 19 15
8 4 25 13
4 4 25 12
6 3 19 15
3 3 18 14
7 4 18 14
1 6 18 15
6 3 17 15
7 3 24 12
6 3 31 20
2 4 32 18
8 3 56 22
7 3 63 16
2 3 67 10
5 3 67 11
1 3 66 11
8 4 66 10
7 2 2 9
8 3 2 8
8 3 5 9
4 4 5 9
4 3 46 9
3 4 67 10
5 3 46 9
2 3 47 10
1 3 57 11
7 4 57 12
2 3 56 12
8 4 65 11
6 3 57 10
4 3 64 9
4 2 1 7
6 3 16 7
3 4 16 8
3 3 18 8
7 4 46 9
5 3 18 8
5 3 26 5
1 4 69 3
8 3 53 5
2 3 56 3
7 3 56 4
5 3 56 3
4 4 55 2
1 3 55 4
7 3 62 2
4 3 64 6
3 2 2 9
5 4 51 8
7 3 19 10
2 3 19 10
7 3 35 8
8 3 37 12
1 3 41 10
6 4 42 11
8 3 40 11
7 3 51 11
5 3 53 9
6 3 54 14
8 3 54 9
2 3 53 7
1 2 3 86
7 3 7 85
3 3 8 84
2 3 23 85
4 3 29 85
8 2 3 78
6 4 4 76
3 4 4 77
6 3 21 78
6 3 45 79
5 3 48 74
4 5 48 74
5 3 46 73
3 3 53 71
8 3 53 71
4 3 57 79
2 3 57 74
1 3 58 73
5 4 58 73
6 3 59 78
3 3 63 70
1 2 3 78
2 3 19 77
4 3 25 78
4 4 63 75
5 3 25 79
7 3 25 78
4 3 29 79
5 5 31 77
4 4 43 80
4 2 3 74
4 3 12 73
5 3 14 73
6 3 17 73
7 3 32 75
3 3 56 75
5 3 59 76
5 2 3 74
2 3 20 74
3 4 51 72
5 3 20 74
7 3 24 73
2 3 48 74
1 2 3 75
7 3 18 75
4 4 39 75
5 3 18 75
6 4 38 74
3 4 38 75
5 3 25 75
7 3 41 74
8 2 3 75
3 3 13 75
5 3 33 75
8 4 36 75
7 2 3 65
2 3 16 64
8 3 24 65
5 3 28 63
7 4 42 63
6 3 39 62
6 2 2 65
3 3 9 64
3 3 12 65
7 4 30 63
4 3 17 65
1 3 20 64
6 4 21 65
2 4 28 63
1 3 25 62
4 3 25 64
4 3 27 63
1 3 33 67
4 3 41 68
8 3 53 60
3 2 3 53
3 3 39 53
6 3 46 52
2 6 47 53
3 3 50 55
1 3 59 52
7 2 3 51
7 3 14 51
3 4 14 51
5 3 45 50
4 3 61 51
2 2 3 48
6 3 42 46
3 3 56 48
8 2 3 46
5 5 16 44
1 3 7 46
8 3 7 46
4 3 6 46
3 4 11 45
5 4 29 44
3 3 22 45
6 5 29 44
1 5 30 46
1 5 39 46
6 5 45 43
6 6 46 45
2 5 46 49
7 5 51 46
5 4 33 44
5 4 38 46
4 4 41 44
4 4 42 44
8 4 49 47
5 3 21 44
7 3 25 42
8 3 40 48
3 4 39 48
2 3 46 48
3 3 47 43
1 3 50 48
4 3 51 45
4 2 3 47
3 4 3 45
2 4 28 48
4 3 7 48
3 3 13 47
7 4 17 44
7 3 18 43
4 3 18 45
7 3 22 45
4 4 24 44
3 3 24 44
3 3 30 42
7 3 30 44
4 3 30 46
7 3 33 49
4 3 35 50
6 3 35 50
8 4 45 51
7 2 2 47
6 3 2 47
5 4 5 47
6 5 10 45
4 3 7 47
2 4 10 47
8 4 14 46
6 3 6 48
5 3 11 45
3 3 11 47
1 3 17 44
2 3 18 44
1 3 18 42
3 3 20 42
6 3 19 41
5 3 26 46
4 4 26 47
3 3 26 38
7 3 26 37
3 4 25 37
4 4 36 37
6 3 28 48
4 4 28 47
2 3 28 49
1 3 53 37
7 3 52 37
8 3 53 35
7 2 3 48
1 3 4 47
3 3 26 48
8 4 28 49
1 3 43 51
7 2 3 47
4 3 6 47
3 3 22 48
5 3 25 49
7 2 3 38
8 3 15 38
6 3 24 37
1 3 26 36
2 2 3 32
3 3 44 32
1 3 46 33
1 3 52 31
3 2 3 32
8 3 3 32
3 3 11 31
8 3 13 32
6 3 26 32
6 2 3 31
4 3 10 30
4 3 12 32
2 4 12 33
6 4 33 30
5 3 12 35
4 3 13 30
1 3 26 29
8 2 3 30
2 3 2 30
7 3 25 30
7 3 31 29
1 3 36 31
6 3 36 31
5 3 35 31
7 3 35 33
3 4 35 32
7 2 1 29
4 3 6 29
7 3 6 31
2 3 19 30
5 4 23 28
2 3 23 30
4 3 30 31
6 2 3 7
5 4 51 7
8 3 44 8
1 3 50 9
2 2 3 8
4 3 3 7
1 4 23 7
8 3 23 8
3 4 40 9
6 3 26 6
3 3 43 8
6 3 42 7
5 2 2 6
1 2 2 6
3 4 42 5
2 3 13 7
4 4 25 6
6 3 12 8
1 3 23 5
6 3 24 6
6 3 47 6
6 2 3 8
4 3 32 6
2 4 33 5
5 2 3 8
5 3 21 8
1 3 35 9
8 3 38 10
2 3 40 12
3 3 45 13
3 2 3 8
8 3 21 6
1 2 3 6
8 3 3 7
8 5 14 5
2 3 3 8
5 3 15 3
5 3 25 8
2 2 3 7
1 4 18 7
7 3 18 7
4 3 44 10
7 2 3 7
4 2 4 64
8 3 11 65
5 4 15 65
3 2 4 62
6 3 24 61
6 2 4 63
5 3 8 63
7 3 9 60
7 4 51 58
8 2 4 61
1 3 46 60
5 2 4 48
8 5 5 48
8 3 11 47
6 3 13 50
7 3 19 48
5 3 20 50
2 3 45 51
5 3 45 53
7 3 59 54
2 2 3 48
2 4 12 48
5 4 12 51
7 3 23 49
5 4 32 50
1 3 27 50
6 3 29 51
1 3 30 51
7 4 42 51
6 3 50 53
2 4 63 54
7 2 4 49
1 4 15 49
2 3 21 50
2 3 22 51
8 3 24 50
2 3 33 53
7 3 33 54
5 3 59 55
8 2 4 49
3 3 13 47
7 3 13 48
3 2 4 45
1 3 23 43
4 2 4 36
1 3 37 35
6 2 4 20
4 3 29 19
7 3 31 20
6 3 41 21
6 4 48 20
5 3 49 22
1 3 49 24
4 3 53 23
1 2 4 20
5 4 35 20
4 4 34 20
7 3 34 18
4 2 4 19
2 4 37 19
3 3 16 17
8 3 16 18
2 4 16 19
8 3 17 16
2 3 30 18
5 3 30 20
5 4 42 21
4 3 35 17
5 4 35 18
7 3 46 17
4 3 46 17
6 3 53 24
2 3 52 25
8 3 54 25
5 2 5 85
8 3 19 86
4 5 51 86
7 4 51 86
3 4 50 85
7 3 21 86
1 4 20 85
1 4 38 84
8 3 29 86
1 3 29 87
3 3 40 86
5 4 44 87
2 4 44 87
3 4 56 85
4 3 54 87
8 3 55 88
5 3 57 87
3 3 57 87
4 3 59 88
8 2 5 66
1 2 5 65
4 3 9 66
7 2 5 66
4 3 5 64
7 3 17 62
7 3 27 65
4 3 27 64
8 2 5 63
5 3 20 64
7 2 5 64
2 3 20 65
3 2 5 62
2 3 5 63
7 2 4 63
3 4 9 62
6 2 5 62
6 3 17 61
3 4 37 59
4 3 21 60
5 3 29 59
6 3 32 61
5 3 35 60
6 4 35 59
7 4 55 58
3 3 54 58
4 5 54 57
6 4 54 57
8 5 53 59
3 6 53 57
4 3 51 58
5 3 50 58
2 3 58 56
8 3 59 55
2 3 59 57
6 5 58 57
3 3 56 57
1 2 5 62
8 3 7 62
7 3 14 63
1 4 13 62
2 3 16 64
8 3 15 64
5 2 5 61
6 2 5 47
4 2 5 40
6 4 11 39
4 3 22 42
2 3 22 43
8 3 29 39
2 3 32 42
3 2 5 40
1 3 28 39
5 2 5 40
2 2 5 41
8 2 5 30
1 3 4 30
5 3 12 28
3 3 12 29
4 4 12 28
7 4 11 28
7 4 37 26
4 5 38 28
6 3 11 27
5 3 32 30
2 3 44 26
7 2 3 30
1 3 30 29
6 2 4 31
6 3 10 30
8 3 10 29
4 3 10 31
6 3 9 30
5 4 23 29
2 3 24 31
8 3 24 32
4 3 36 34
3 2 5 30
8 2 5 13
1 3 5 13
7 3 39 14
4 4 39 15
3 3 46 18
5 3 48 16
2 2 5 14
5 3 7 13
4 4 17 14
7 5 49 12
4 3 7 12
8 3 9 12
3 4 22 14
2 3 11 13
6 3 22 16
1 3 29 18
3 3 36 14
6 3 36 13
2 3 44 13
8 6 44 12
1 2 5 7
8 3 5 6
3 3 10 6
7 3 9 5
4 4 41 3
5 3 28 3
1 3 28 3
4 3 56 3
3 3 61 2
4 2 5 6
4 3 9 6
1 4 15 4
8 3 15 5
3 3 27 4
6 3 27 5
4 3 27 6
5 3 26 4
8 3 28 4
6 4 38 3
1 3 27 5
4 3 32 3
6 3 32 3
6 2 4 6
1 3 18 4
4 2 6 86
8 4 37 85
2 4 37 88
6 5 39 87
3 3 31 85
5 3 34 85
3 4 34 86
7 4 34 86
1 5 44 84
4 4 35 87
8 4 42 88
7 3 34 88
7 3 44 84
8 3 43 85
7 3 43 85
5 2 6 66
1 2 6 62
6 3 29 62
8 2 5 61
7 3 37 61
1 3 36 59
4 2 5 60
5 3 5 60
3 3 6 60
1 4 24 58
4 3 33 56
3 3 45 55
7 2 6 50
1 2 6 42
6 3 21 41
3 2 6 36
6 3 18 36
8 3 21 38
2 3 34 34
1 2 6 13
5 3 18 11
1 3 41 13
4 3 45 10
7 2 6 12
4 3 28 13
7 3 28 15
2 3 27 15
1 4 34 15
3 2 7 77
4 3 19 75
2 3 23 75
8 3 45 77
4 2 7 71
3 3 16 71
3 3 23 72
2 3 27 70
8 4 55 69
6 3 27 71
6 2 7 71
5 5 47 70
3 3 11 70
8 3 40 68
3 2 7 44
4 3 14 42
5 2 7 42
3 2 7 42
8 3 12 42
5 3 16 40
5 2 7 39
5 4 19 40
2 3 17 37
6 3 32 39
1 2 7 36
8 3 32 35
4 3 43 35
1 2 7 27
3 3 33 26
1 2 7 19
8 3 14 20
4 3 16 18
3 3 21 19
7 4 21 21
4 3 21 23
6 3 21 20
3 4 25 19
5 3 22 23
6 3 24 18
6 3 29 24
2 3 36 24
1 3 37 24
8 3 42 18
1 3 42 17
2 3 40 17
7 3 40 19
5 3 42 16
3 3 42 16
4 3 42 17
7 2 7 20
5 3 21 19
1 2 7 13
2 3 8 13
5 4 26 14
8 3 11 13
6 3 32 15
8 5 32 15
7 3 38 12
4 2 8 88
5 3 30 87
5 3 38 85
2 2 8 85
6 3 25 83
1 3 25 81
4 3 29 85
8 3 29 86
7 2 8 67
6 2 8 67
3 3 20 68
7 3 20 68
7 3 37 70
2 3 49 69
8 2 8 68
5 3 22 66
6 3 41 68
1 2 7 68
5 3 13 66
1 3 13 68
7 4 27 67
1 2 8 66
6 3 13 67
4 3 16 67
3 3 17 65
6 3 16 66
4 2 8 52
8 3 16 53
8 3 27 53
3 3 27 53
5 3 25 53
7 3 42 52
3 2 8 46
4 2 8 34
6 3 33 34
6 2 8 34
4 3 16 35
3 3 30 34
5 3 30 36
6 2 8 13
4 4 25 13
3 4 31 13
2 3 32 12
3 3 36 14
7 2 9 69
7 3 43 70
2 3 43 69
4 2 8 69
6 2 7 68
5 3 7 68
3 3 11 67
7 3 10 66
4 4 11 66
1 4 14 65
3 3 13 65
4 2 7 67
5 2 8 70
5 3 11 68
5 3 15 71
8 3 21 73
4 2 8 71
8 3 27 70
8 3 39 71
6 2 9 61
3 2 9 52
6 3 10 52
4 3 10 51
3 3 29 52
2 3 37 53
1 2 9 46
6 4 17 45
2 3 8 45
5 4 8 46
5 4 10 46
6 3 8 46
3 4 8 46
1 2 7 47
4 2 7 48
2 2 7 47
4 2 6 47
2 2 9 49
1 2 9 50
5 3 9 51
2 2 9 21
1 3 24 21
5 3 24 22
3 4 28 24
3 4 41 24
3 3 37 21
8 3 37 23
7 3 41 26
6 3 42 22
4 3 41 23
2 3 40 22
7 3 40 23
8 2 9 22
6 3 20 23
2 3 19 21
4 3 21 22
1 3 28 22
5 3 34 23
7 2 9 21
2 2 9 7
3 2 9 6
7 3 17 5
8 3 18 4
8 2 8 6
3 2 9 6
5 3 8 5
6 3 15 4
2 4 26 5
6 3 26 5
1 3 31 3
7 3 30 3
8 3 36 3
3 3 42 2
8 3 42 2
1 3 48 1
7 3 57 2
2 2 8 4
4 4 25 3
4 3 17 2
7 3 19 1
1 3 19 2
5 3 51 1
3 3 51 1
8 3 50 1
4 3 50 1
8 2 10 88
7 3 31 86
8 3 33 88
7 2 10 84
6 3 15 83
6 4 34 82
2 3 34 84
1 2 10 84
5 3 16 84
4 3 28 85
5 3 28 84
2 2 10 78
7 3 10 78
5 2 10 64
7 2 10 45
5 3 23 44
2 2 9 45
8 3 20 43
4 2 10 16
7 2 10 14
3 2 10 14
2 3 16 14
8 3 16 14
1 3 26 14
6 4 30 12
4 2 11 84
5 2 11 85
2 2 11 85
8 3 29 86
1 3 33 87
4 3 32 88
8 2 11 86
8 3 20 86
8 2 11 84
6 2 11 77
3 3 11 78
3 4 20 78
8 3 10 78
1 3 11 77
4 3 14 76
1 3 15 76
8 3 15 78
3 3 19 77
8 3 26 79
6 4 43 78
7 3 27 82
1 3 43 78
4 2 10 79
5 2 11 79
1 2 11 80
6 2 10 80
4 3 23 79
6 3 24 80
2 3 24 82
2 3 35 80
8 3 35 81
8 3 38 81
1 2 9 80
1 3 12 81
8 2 11 74
1 4 14 73
8 4 22 74
1 4 22 75
2 3 14 73
3 3 23 72
5 3 23 73
2 3 32 73
8 3 31 73
4 2 11 74
1 3 31 72
6 3 37 71
6 3 38 70
3 3 38 72
8 3 40 72
7 2 11 73
2 3 13 73
6 4 14 74
4 3 21 76
4 4 21 73
5 2 11 65
1 2 11 40
8 2 12 84
6 2 12 83
3 2 12 78
7 3 14 76
3 3 22 75
1 4 25 77
7 3 25 78
8 2 12 76
6 2 12 76
1 3 22 76
5 2 12 77
5 3 18 76
7 3 18 77
6 3 27 75
5 2 12 75
2 3 12 74
4 3 16 72
4 3 35 71
7 3 35 72
4 3 38 70
3 2 11 75
8 2 12 76
2 2 11 76
4 3 23 76
5 3 29 77
7 2 11 75
1 3 12 75
8 3 14 74
5 2 12 73
6 2 12 65
1 2 12 51
8 2 11 51
2 2 10 51
3 3 13 49
7 2 12 52
1 3 13 53
4 3 14 50
5 3 24 51
8 3 52 55
8 2 12 51
4 3 15 49
7 2 12 50
6 2 12 30
3 3 12 29
1 3 17 31
8 3 16 30
3 3 22 31
7 2 12 28
7 3 24 27
4 4 24 27
1 3 41 26
6 2 12 21
7 2 12 15
5 4 29 13
4 3 29 16
7 2 12 4
2 3 12 4
3 3 11 4
5 4 21 3
7 3 21 3
4 2 11 5
6 3 10 4
1 3 10 4
4 3 15 3
7 3 14 2
2 3 20 2
8 3 19 3
6 3 20 2
2 3 59 1
2 2 9 4
2 3 24 2
6 2 9 5
2 4 14 5
8 3 9 4
1 2 8 5
5 3 15 4
4 3 15 5
5 2 8 5
3 3 14 4
5 2 9 5
7 2 12 4
5 2 12 5
4 2 12 4
3 2 13 89
6 4 13 89
1 5 14 90
5 3 13 89
7 3 14 88
4 3 16 87
2 3 23 89
3 3 22 87
8 3 35 88
1 3 36 90
7 2 12 90
1 2 12 88
7 3 17 88
7 3 20 88
2 3 30 88
4 2 12 88
6 2 13 87
3 2 12 87
8 3 11 86
5 3 11 87
6 3 22 86
2 2 11 88
3 2 11 89
5 2 13 84
4 3 13 85
1 3 13 85
6 2 13 86
5 2 13 87
4 2 13 88
2 2 13 84
3 3 16 84
3 2 12 84
7 2 12 83
4 4 12 82
7 2 12 82
2 4 27 80
4 3 22 81
1 3 26 82
1 3 30 80
3 2 13 78
1 2 13 78
2 2 13 74
2 2 13 67
5 3 15 67
8 2 13 68
5 3 35 69
4 2 13 69
6 2 13 55
3 3 25 55
8 3 29 55
7 3 51 56
7 2 13 39
7 3 24 39
2 2 13 28
2 2 13 14
4 3 17 13
2 3 25 11
7 2 13 15
6 4 24 14
4 2 13 9
4 2 14 82
8 2 14 81
5 2 14 73
7 3 23 72
5 2 14 56
5 3 15 56
7 3 33 58
2 3 46 56
4 3 47 55
1 2 14 45
8 2 14 45
6 3 14 44
4 3 14 44
2 3 14 45
6 2 14 18
2 2 14 18
2 3 21 17
1 2 13 18
7 4 13 18
3 4 16 19
1 3 15 17
1 3 19 22
7 3 19 22
4 3 27 21
7 3 27 22
5 2 13 19
2 2 13 20
7 3 18 18
8 2 13 21
8 2 14 18
5 3 14 16
7 4 14 17
2 3 26 16
1 3 35 16
4 2 14 16
7 4 17 15
2 3 14 14
3 5 16 15
5 3 14 15
5 3 24 11
6 3 25 10
3 4 25 10
2 3 25 12
3 2 14 17
6 3 16 15
8 3 20 17
6 3 24 17
5 2 13 17
5 3 22 17
4 3 21 17
1 3 21 18
7 3 24 18
4 2 14 16
8 3 19 17
2 2 14 15
2 3 16 14
8 2 14 5
5 2 14 3
5 4 32 1
4 2 13 2
7 2 13 3
2 2 13 4
6 2 15 73
3 3 23 72
1 3 36 71
5 3 36 72
1 2 15 67
3 2 15 63
8 2 15 62
3 2 15 46
5 2 15 43
7 2 15 43
2 2 15 42
1 3 23 40
7 2 15 22
8 2 15 21
2 2 15 22
8 3 18 21
6 2 15 17
5 2 15 17
3 2 14 17
8 2 16 88
1 3 17 88
6 3 15 87
2 3 15 86
7 2 16 87
7 2 16 83
4 3 17 84
1 2 16 81
3 2 16 77
3 3 22 76
7 3 23 76
2 4 23 77
8 5 22 78
3 3 22 79
3 3 28 79
1 2 16 75
6 2 16 69
2 2 16 67
8 2 16 57
2 3 18 57
2 3 28 56
5 3 43 56
2 2 16 58
7 2 16 58
5 2 16 51
1 2 16 43
3 3 19 41
7 2 16 43
6 2 16 42
8 2 16 38
7 2 16 37
3 3 16 37
6 3 17 34
3 3 17 34
5 3 16 32
6 3 19 31
1 3 19 33
8 3 20 35
4 3 19 35
5 2 16 36
1 3 16 35
2 3 15 35
4 2 16 31
4 3 17 30
2 2 16 30
7 2 15 30
5 3 18 30
2 2 16 26
6 2 16 18
3 3 16 18
3 4 18 16
8 2 16 13
3 2 16 11
1 2 16 12
7 2 16 13
6 2 16 8
1 2 16 7
7 3 15 7
4 2 14 7
1 2 17 86
3 2 17 60
6 2 17 49
4 2 17 11
2 4 35 10
6 2 18 57
4 2 17 57
3 2 18 23
4 2 18 22
7 2 17 22
1 4 18 22
6 3 17 22
3 3 19 23
5 2 17 23
8 2 16 23
4 2 16 24
3 2 18 21
5 2 18 17
7 2 19 72
7 3 20 70
4 2 19 73
1 2 19 61
8 2 19 62
3 2 19 62
2 2 19 53
8 2 19 53
2 2 19 43
8 3 19 41
6 3 22 42
4 2 19 38
3 3 26 39
5 2 19 35
6 3 28 35
6 2 19 29
6 2 20 79
1 3 19 79
7 3 18 78
5 2 20 72
8 2 20 53
1 3 29 54
4 2 20 54
8 3 27 55
4 3 27 55
4 3 40 57
1 2 20 51
5 2 20 27
2 2 20 20
7 2 20 20
7 2 20 3
6 3 20 2
5 2 20 3
7 2 21 82
3 3 20 81
6 2 21 81
1 2 21 82
8 2 21 58
4 2 21 54
2 3 27 52
1 2 21 53
6 3 46 54
6 2 21 23
2 3 30 24
5 3 35 25
8 2 21 10
3 3 32 10
2 2 22 69
5 2 22 69
6 3 24 70
3 2 22 70
6 3 34 70
1 2 22 43
4 2 22 43
8 2 22 34
2 2 22 35
7 3 22 33
4 2 23 79
3 2 23 79
8 2 23 80
7 2 23 79
2 2 23 40
5 2 23 39
6 3 23 37
1 2 23 37
7 2 23 38
5 2 23 36
3 2 23 1
8 3 23 2
5 2 23 1
4 2 24 70
8 3 29 69
1 2 24 12
7 2 24 13
4 2 23 13
7 2 22 12
5 2 23 12
2 2 25 77
6 2 25 78
3 2 25 59
6 2 24 59
3 3 28 58
5 4 29 59
6 5 36 60
1 3 34 58
4 2 24 59
5 3 24 58
4 2 24 59
2 3 24 59
1 3 29 57
7 2 25 53
6 3 25 53
5 2 25 55
3 2 25 37
5 2 25 28
7 3 29 26
1 3 29 28
7 2 26 58
3 3 26 58
1 3 28 58
4 2 26 27
2 2 26 28
2 2 26 25
8 3 26 26
1 2 26 9
6 2 27 89
5 2 27 89
4 2 27 59
8 3 27 59
2 2 27 57
1 4 35 55
6 3 27 56
7 2 27 58
3 2 27 56
8 3 27 56
4 3 27 55
7 3 27 54
8 2 26 56
3 3 25 55
8 2 26 56
5 4 27 55
7 2 27 34
1 3 27 34
7 2 26 35
5 2 27 33
5 2 28 33
3 2 28 34
8 2 27 34
1 2 27 35
2 2 27 34
8 2 28 33
2 2 28 34
1 2 29 9
5 2 29 9
8 2 30 89
2 2 30 89
7 2 30 56
5 2 30 57
2 2 30 1
4 2 31 72
6 2 30 71
4 2 31 56
4 2 32 89
7 3 32 89
8 2 32 90
8 2 33 26
3 2 33 26
3 2 34 25
6 3 34 26
2 2 33 26
7 2 34 1
7 2 35 41
5 2 37 1