30529
2116
4 19 9 18
5 15 6 13
4 15 11 161
3 15 48 159
7 13 28 13
2 13 42 187
5 12 9 55
1 12 14 195
5 12 14 47
2 12 21 154
8 12 23 50
8 12 28 171
8 12 30 196
7 12 44 113
7 12 45 175
6 11 5 182
8 11 21 103
7 11 31 52
4 12 37 50
7 11 34 130
6 11 37 40
5 11 40 109
5 11 49 26
4 11 50 60
3 10 8 188
2 10 9 150
5 12 17 144
7 10 9 58
6 10 13 50
6 10 22 182
3 10 27 102
6 10 28 170
5 10 29 10
6 10 32 184
4 10 37 44
3 10 38 135
7 10 42 97
3 10 42 93
5 9 11 12
7 13 38 12
7 10 17 12
7 9 9 12
5 9 17 30
5 9 25 128
3 9 27 193
5 9 27 117
4 10 40 119
6 9 33 35
8 9 34 159
5 10 41 158
5 9 36 110
7 9 42 83
8 9 43 62
8 9 50 79
2 8 3 40
6 11 29 41
7 10 18 44
7 9 9 38
3 9 22 38
8 8 6 139
6 8 6 141
5 12 9 141
4 8 7 65
2 8 7 53
1 8 9 30
7 8 10 198
7 9 28 195
7 8 10 81
6 8 9 79
6 10 24 81
7 8 10 84
5 8 13 167
8 8 14 12
6 9 35 17
2 8 15 116
6 8 18 150
5 13 39 146
5 8 23 167
7 8 23 169
5 8 27 158
7 8 30 92
3 8 30 61
7 8 32 111
7 11 37 108
7 8 32 93
7 8 38 62
6 8 39 73
3 8 42 23
8 10 45 24
8 7 3 98
6 10 31 100
5 9 12 101
5 11 34 99
7 7 3 6
2 10 4 5
6 9 11 7
8 7 5 147
7 7 7 49
6 8 7 49
5 7 8 178
8 8 30 177
6 7 8 33
8 7 9 3
5 7 10 171
2 10 13 171
3 7 10 110
3 7 10 16
7 8 31 19
8 7 11 161
8 7 11 50
7 10 11 50
5 8 32 53
3 7 8 51
7 7 12 196
6 7 9 197
4 7 13 185
3 7 13 183
6 7 13 155
7 9 11 153
8 9 12 154
3 7 13 119
4 8 13 116
5 7 18 87
6 7 20 28
3 7 21 119
6 8 28 113
8 8 28 110
4 8 37 112
6 7 25 66
7 7 25 67
7 7 26 126
7 7 27 176
6 8 34 179
5 7 27 80
8 8 25 76
3 9 31 74
8 9 30 74
7 7 28 59
3 7 32 171
8 7 32 100
7 7 34 151
8 7 34 152
7 8 36 148
3 7 35 64
1 7 36 144
6 7 37 193
7 7 37 128
3 7 39 165
7 7 40 104
5 7 50 124
5 6 2 77
7 6 3 166
2 6 3 88
6 8 16 88
6 7 11 89
6 6 4 191
6 8 10 191
7 6 3 188
7 9 19 188
7 6 4 142
7 6 4 116
5 6 5 162
8 10 16 161
5 6 6 151
7 6 6 35
8 12 44 38
6 9 41 35
1 7 29 37
1 6 7 199
4 6 7 84
7 6 8 154
8 6 8 7
6 6 10 145
8 7 17 150
4 7 19 145
8 7 36 144
6 6 10 128
4 6 10 92
8 10 11 88
2 7 12 88
7 6 8 90
6 6 10 80
4 6 10 35
7 6 12 167
8 6 12 158
5 6 13 97
6 6 13 50
4 6 14 140
6 7 36 142
8 6 17 189
7 6 17 178
1 6 17 108
7 6 15 105
6 9 15 106
8 6 17 73
3 6 18 198
6 6 19 64
5 6 20 72
2 6 21 69
6 6 20 70
4 6 22 40
8 7 25 40
5 6 24 98
7 6 24 21
4 7 25 20
7 6 25 6
6 6 26 179
5 6 26 133
8 8 27 136
4 6 26 32
7 7 26 31
7 6 27 180
4 8 26 181
5 6 28 55
7 6 28 38
7 7 36 35
8 6 30 51
5 6 32 162
8 6 35 21
4 6 35 2
4 6 36 165
8 6 36 83
3 6 40 2
4 5 2 189
8 6 1 188
8 6 35 188
8 5 2 180
7 5 2 99
7 6 29 100
6 6 29 97
8 6 29 100
4 5 2 12
6 7 3 11
3 7 12 9
1 6 4 10
7 7 8 7
6 7 10 11
6 5 2 5
6 7 24 5
6 5 3 188
6 5 3 171
5 5 3 156
8 9 4 154
7 7 24 153
5 6 19 155
8 6 30 158
4 5 3 40
4 9 32 42
5 5 4 174
5 6 18 172
8 7 24 170
2 8 22 167
4 6 25 168
6 5 4 45
7 6 14 44
6 9 12 40
4 5 5 125
5 8 35 125
7 6 35 122
8 5 5 107
1 5 5 71
2 6 39 71
2 5 5 69
7 5 6 134
8 8 5 132
6 10 27 134
6 8 9 137
7 9 9 131
6 7 18 137
8 11 18 137
7 7 27 136
4 7 28 139
6 5 3 134
6 5 6 101
5 5 6 30
7 6 8 31
1 7 20 31
6 7 22 34
8 6 44 29
6 6 44 28
7 7 42 26
5 5 7 191
6 5 7 185
6 5 7 85
8 7 6 86
7 7 18 85
8 5 8 184
8 6 13 183
6 5 8 167
7 6 24 168
8 5 8 130
5 6 37 128
2 8 37 130
5 5 9 111
5 6 21 112
7 5 9 102
2 5 9 92
5 9 12 92
7 7 15 90
7 8 29 90
6 7 27 88
5 5 10 148
6 13 29 148
5 6 28 146
8 5 10 146
6 5 8 146
4 5 11 180
8 6 18 180
6 8 18 177
7 7 40 175
7 6 15 179
8 6 27 181
1 5 11 118
4 5 11 30
7 9 13 30
8 6 11 31
7 5 12 181
3 5 12 151
6 6 15 150
7 8 14 149
5 6 14 150
6 6 14 150
7 5 12 114
4 5 12 15
8 5 13 137
8 8 24 136
6 6 31 138
6 5 13 140
7 5 10 139
8 6 10 139
7 5 12 135
5 5 13 73
8 6 15 75
8 5 13 60
6 7 34 61
5 5 13 60
2 6 34 60
4 5 13 33
6 5 11 32
7 5 11 31
3 5 14 76
6 8 23 76
7 5 15 189
7 6 23 190
4 5 15 139
7 5 15 124
3 6 20 123
8 7 26 122
7 6 26 118
6 11 26 119
8 7 29 120
8 5 13 124
8 5 16 123
6 5 16 125
7 6 21 123
7 6 25 124
3 5 16 124
6 7 24 125
8 6 23 124
3 5 16 113
6 5 16 110
7 5 16 109
5 5 16 42
7 5 18 194
3 5 18 170
6 8 18 168
8 11 19 169
4 5 15 169
7 5 18 162
6 7 33 160
2 6 18 159
5 5 18 138
3 7 20 140
8 5 18 114
6 6 19 113
1 5 18 109
3 5 18 57
5 7 25 55
3 7 28 56
6 6 25 54
7 5 18 51
8 6 17 48
1 5 18 20
4 6 29 21
6 5 16 21
6 5 19 186
4 7 22 186
6 6 22 188
7 5 19 135
7 5 19 114
7 5 19 101
2 5 17 101
8 6 21 101
6 5 19 48
7 5 19 10
6 9 20 13
8 8 18 11
8 5 20 39
1 5 21 179
8 5 21 4
2 6 26 1
5 5 22 167
7 5 22 138
7 6 31 142
7 5 22 76
8 5 22 77
1 5 24 118
3 5 24 118
6 5 24 113
8 6 24 111
7 6 23 113
7 5 24 35
5 5 25 79
2 5 26 180
7 5 26 160
2 5 26 82
3 6 30 81
7 5 27 171
7 5 27 98
8 5 27 94
7 5 27 4
6 6 35 1
8 5 26 5
6 5 28 178
8 5 29 141
6 6 29 142
4 5 29 34
2 5 30 22
8 5 32 67
5 5 33 200
8 5 33 172
5 5 33 65
1 5 33 54
8 5 34 3
5 5 35 5
6 5 39 96
5 6 43 96
3 5 40 185
8 5 41 45
7 5 42 70
6 4 1 114
1 5 4 117
4 6 3 118
6 6 13 115
7 5 2 118
7 5 12 117
4 4 2 197
7 6 9 197
5 5 18 196
5 7 30 197
4 5 27 195
6 5 25 194
3 4 2 47
3 4 2 43
8 6 3 47
7 6 17 43
3 4 2 1
6 6 3 1
6 5 23 3
4 5 23 5
1 5 31 2
5 4 3 195
4 6 13 195
1 4 3 163
4 4 3 153
7 5 16 148
4 5 32 153
8 4 2 150
4 4 3 138
6 5 14 137
6 4 3 122
3 5 32 122
2 4 3 107
6 7 27 106
8 5 12 107
5 5 20 105
7 5 19 104
8 4 3 57
7 4 3 47
5 4 2 47
8 6 19 45
8 6 28 48
7 5 17 47
6 5 21 46
4 4 3 43
6 4 3 20
4 4 4 196
2 4 4 196
2 5 5 194
5 6 22 196
1 4 4 172
2 6 29 171
2 4 4 169
4 7 19 170
5 4 4 91
6 6 11 93
2 6 38 96
7 5 10 95
6 6 25 95
7 5 24 94
5 4 4 77
6 5 13 77
4 7 12 74
5 4 4 73
7 4 4 67
8 4 2 67
5 6 24 65
6 5 33 67
6 4 4 57
7 4 4 55
4 5 11 55
8 5 12 53
6 4 4 55
6 4 4 51
7 5 25 51
1 4 4 5
6 5 8 5
4 5 6 3
8 5 20 5
5 5 23 6
7 6 30 7
7 4 2 5
1 5 10 5
7 5 19 4
5 4 2 4
5 5 18 2
5 5 20 2
2 4 5 182
7 6 3 181
7 4 5 168
6 4 4 166
6 6 7 164
7 7 10 165
4 5 13 165
5 4 5 145
7 4 5 95
6 4 5 97
8 6 15 97
5 6 20 97
4 6 21 96
3 5 4 97
2 5 19 99
7 5 17 97
8 5 18 96
6 4 5 94
6 6 13 91
5 4 5 83
8 5 14 82
7 6 23 79
5 4 5 79
8 5 16 82
7 5 31 85
8 4 5 72
6 6 5 70
8 8 32 68
8 6 10 67
6 5 10 72
6 6 15 72
6 5 27 64
7 5 31 67
6 4 5 58
8 5 5 57
6 4 5 45
6 4 5 40
8 5 12 42
2 4 5 38
4 6 28 38
7 5 16 38
5 4 5 37
5 6 8 37
8 7 22 33
8 6 18 36
4 5 11 39
8 4 5 20
7 5 22 20
8 5 22 22
4 7 28 22
5 5 25 23
7 6 30 23
4 5 31 25
8 4 6 189
2 4 6 180
6 6 11 179
5 5 10 180
1 4 6 112
4 6 12 110
8 7 21 111
8 6 12 109
7 5 15 112
4 4 6 85
8 5 11 83
7 4 6 70
3 5 10 69
6 5 16 67
8 5 14 67
8 7 22 68
1 8 20 64
7 5 15 68
7 5 19 64
5 4 6 43
3 4 6 24
5 7 27 26
8 4 5 24
2 4 7 150
1 5 13 150
8 6 11 147
7 5 11 149
8 4 7 150
6 6 9 149
6 4 5 148
8 4 7 102
6 4 5 102
5 4 7 89
7 7 33 89
3 6 13 89
4 6 28 88
7 5 24 88
8 4 7 82
5 5 23 83
4 4 7 57
7 8 13 53
5 5 26 60
5 4 7 40
6 4 8 186
2 5 15 186
6 5 26 184
3 4 8 180
5 5 18 181
2 4 8 165
2 4 8 74
7 4 8 70
7 5 10 70
5 5 23 70
8 4 8 66
6 4 8 61
6 5 28 62
5 4 9 190
6 4 9 183
7 5 10 183
5 4 9 176
7 7 16 176
8 5 23 176
7 4 9 99
8 6 19 98
6 5 8 99
1 5 8 99
6 5 20 95
8 6 22 95
8 4 9 74
7 5 19 73
8 4 9 56
6 4 9 38
7 4 9 14
1 6 17 12
3 4 10 189
7 4 10 178
8 6 10 179
7 5 15 180
7 4 10 170
8 4 9 170
7 5 8 169
5 4 8 168
6 4 7 167
4 4 10 135
6 4 10 101
1 5 14 102
4 4 10 23
3 4 8 22
7 4 9 21
7 4 10 4
2 4 11 137
5 4 11 124
5 4 11 108
6 5 9 106
7 4 11 105
8 7 26 105
5 4 11 28
6 4 12 197
1 4 12 143
7 5 10 141
7 4 12 119
7 4 12 113
8 4 12 70
7 5 13 72
8 4 12 60
2 4 12 5
3 4 13 139
5 4 13 106
2 4 12 108
5 4 13 70
6 4 13 47
7 4 13 45
1 4 13 44
5 4 13 26
7 7 33 29
8 4 14 152
5 4 14 123
2 4 14 93
8 4 14 84
6 5 23 86
8 5 22 87
6 4 13 84
5 4 14 66
2 4 14 3
4 4 15 185
3 4 15 152
4 6 19 153
6 7 19 155
1 4 15 122
4 4 15 81
6 4 15 67
8 4 15 34
4 4 15 30
3 4 16 145
1 4 16 127
7 4 16 117
5 4 16 81
5 4 16 60
7 4 16 13
5 4 15 12
1 4 17 54
8 5 17 56
3 4 16 56
2 5 18 56
4 4 17 29
8 5 16 29
3 4 18 181
6 4 18 131
8 5 21 130
2 5 23 131
6 4 18 90
6 4 18 86
3 6 20 85
6 4 18 8
6 5 29 9
3 4 19 94
2 4 19 81
7 4 19 56
5 4 19 29
2 5 20 28
1 4 20 156
3 5 19 157
2 6 19 156
8 5 25 155
5 4 20 155
1 5 21 156
4 4 20 76
6 4 21 1
7 4 22 162
2 4 22 161
6 4 22 78
3 5 22 78
3 4 22 80
2 4 22 76
1 4 22 61
7 4 20 60
3 4 21 59
6 4 23 163
1 4 23 91
5 4 23 47
6 6 22 47
4 4 23 29
7 4 23 29
8 5 22 30
4 4 24 45
7 4 25 155
8 5 23 154
5 4 25 120
6 5 25 120
2 5 26 121
3 4 25 106
5 4 25 16
8 5 29 16
4 4 26 177
2 4 26 84
1 6 24 83
6 4 26 46
8 4 26 14
6 4 27 131
3 6 27 132
8 5 28 133
7 4 27 61
6 4 27 19
5 4 29 26
7 4 31 18
7 4 32 78
6 4 32 18
7 4 33 192
6 4 37 187
5 4 38 143
1 3 1 183
4 4 7 185
7 6 7 186
3 5 21 186
5 5 23 186
1 4 7 185
1 4 19 186
8 4 17 185
7 3 1 163
5 4 26 161
8 3 1 9
6 4 23 8
8 7 23 7
5 3 2 192
7 4 2 191
8 4 9 189
3 3 2 187
8 5 12 186
7 7 12 184
5 6 11 185
4 3 2 188
3 4 10 190
8 4 9 190
6 4 23 192
8 3 2 187
4 4 8 187
6 3 2 179
3 4 5 176
6 5 4 175
8 5 19 175
7 5 18 172
8 4 18 173
6 4 17 174
1 3 2 175
4 5 5 173
6 5 10 174
7 6 19 175
6 5 20 175
5 4 28 175
8 3 2 176
6 4 14 173
7 3 2 177
8 3 2 168
1 4 3 169
8 4 2 169
6 3 2 158
7 4 5 159
6 4 5 158
1 4 11 158
7 3 2 156
8 4 13 155
4 3 2 156
6 3 2 155
6 5 3 153
1 4 25 152
8 3 2 127
5 5 2 127
4 7 9 126
8 6 13 129
4 5 15 125
4 5 18 130
6 4 17 128
1 4 21 129
6 6 25 129
8 6 23 128
8 5 20 128
6 5 22 128
3 5 24 128
4 4 22 126
1 3 2 130
5 4 12 129
5 4 19 129
6 3 2 127
4 6 11 128
7 4 6 126
2 4 14 128
7 3 2 127
8 4 2 125
6 6 3 126
2 4 4 128
6 4 7 128
7 4 7 128
5 3 2 123
7 3 1 121
3 3 2 121
2 5 8 121
6 6 12 120
4 5 7 120
7 5 8 120
6 3 2 107
8 5 23 106
6 3 2 92
4 4 20 93
1 3 2 78
6 4 2 79
5 6 6 79
7 4 5 81
3 4 4 80
1 4 13 80
7 3 2 72
4 6 4 71
7 3 2 55
7 5 14 54
8 5 14 56
1 4 12 55
2 3 2 53
8 4 2 51
3 4 2 53
6 4 12 50
6 3 1 52
7 4 1 49
3 4 9 56
5 4 9 56
8 3 2 54
2 4 9 53
6 3 2 24
4 5 12 25
7 5 12 26
2 4 12 26
4 6 12 27
6 5 13 25
2 5 21 27
7 4 13 26
8 3 2 21
8 4 9 20
2 4 11 21
8 6 12 24
3 4 18 26
7 3 2 22
4 3 2 16
8 4 6 14
3 4 22 18
8 4 23 18
7 5 21 16
8 3 2 15
6 4 9 15
8 5 8 15
3 5 10 14
7 4 22 14
7 4 29 16
8 3 2 12
6 4 14 11
3 3 1 11
5 4 7 10
4 4 15 9
7 3 2 4
8 3 3 155
4 3 3 133
7 4 2 132
5 4 22 133
8 3 3 127
1 3 3 104
8 4 2 103
7 4 24 104
6 5 23 104
8 4 21 103
5 3 1 103
6 6 15 104
5 3 3 102
7 4 13 102
3 3 3 103
5 3 3 103
7 3 3 100
8 3 3 70
2 3 3 34
7 4 2 33
1 4 17 34
6 4 20 35
8 4 20 35
6 3 2 35
2 4 3 36
5 5 14 34
8 3 1 34
8 5 10 34
6 5 21 32
4 4 4 36
1 4 7 34
8 3 3 37
7 4 8 35
7 3 2 37
8 3 2 37
6 4 3 37
5 3 3 35
5 3 3 32
1 5 16 31
8 4 3 33
6 5 8 33
1 3 3 19
6 5 6 16
1 4 6 18
7 4 8 20
4 4 8 14
7 4 9 21
2 3 3 7
7 4 4 7
6 3 4 200
8 4 3 197
3 4 20 199
6 3 4 196
8 5 5 195
1 5 6 196
7 4 5 197
5 3 4 197
6 4 4 198
4 3 4 191
6 5 5 191
4 5 7 191
7 5 6 190
8 6 4 190
8 6 24 191
6 4 6 191
3 4 22 191
1 3 3 189
5 3 4 192
4 3 4 182
8 5 5 183
4 4 10 182
8 3 4 167
3 4 4 166
3 4 22 164
7 3 4 167
7 4 18 166
6 3 3 167
8 4 7 165
4 4 9 165
2 4 11 166
4 3 2 166
7 4 7 164
8 4 19 164
6 3 3 167
4 3 4 167
2 3 4 168
2 3 4 159
4 3 4 148
7 4 11 149
8 3 4 138
4 3 4 110
6 4 11 109
8 4 17 108
7 3 4 108
2 4 5 108
1 5 6 107
6 3 3 108
6 4 12 110
5 6 12 111
2 3 3 109
1 4 14 109
6 3 4 87
7 4 7 88
8 5 6 88
5 4 5 88
5 4 10 89
7 5 11 90
6 4 9 91
5 4 17 86
8 3 4 88
7 6 3 85
4 4 8 85
8 6 15 84
7 5 13 85
6 3 3 89
7 3 3 91
8 4 6 90
8 4 15 93
2 3 4 86
2 3 4 72
2 3 4 63
4 3 4 14
7 3 4 14
2 4 4 13
8 5 3 11
8 4 10 14
7 4 11 16
6 4 14 17
5 4 15 18
6 4 17 15
6 3 3 14
1 3 3 11
1 3 4 1
6 3 5 188
8 3 5 177
5 4 5 175
8 3 5 169
1 3 5 161
6 5 11 160
3 5 13 163
8 4 10 164
5 7 10 162
2 4 10 163
1 4 15 162
7 3 5 162
7 5 10 162
8 3 4 163
4 3 5 150
4 3 5 137
6 3 5 129
8 3 3 127
3 3 5 95
6 3 5 83
3 4 10 83
6 4 16 83
5 3 5 59
6 4 20 59
1 3 5 39
4 4 4 38
5 5 15 38
2 4 10 40
6 4 10 39
7 4 18 43
8 4 27 43
4 3 5 23
6 4 16 23
4 4 19 24
3 3 6 197
4 3 5 196
8 3 6 195
1 3 6 184
6 3 6 184
7 3 5 184
8 4 6 185
6 5 9 181
2 4 10 184
7 5 10 182
8 3 6 146
7 4 7 145
8 4 11 146
1 4 14 147
7 4 22 145
6 4 20 143
6 3 6 141
1 3 6 136
8 3 6 100
2 4 6 101
1 3 6 89
8 3 6 84
8 4 15 84
2 3 5 84
1 4 8 84
3 5 8 85
6 4 7 84
7 4 7 83
7 3 4 83
2 3 6 70
8 3 6 60
1 3 6 57
8 3 6 43
3 4 8 42
2 3 6 28
7 4 8 26
1 3 7 180
1 3 7 173
7 4 6 173
2 3 7 172
4 4 11 172
7 4 10 173
6 3 7 164
3 3 7 165
5 3 7 133
4 4 23 131
6 3 7 127
8 3 7 127
1 3 5 127
8 4 5 129
7 3 4 128
2 4 8 130
2 3 7 125
5 4 10 126
8 4 10 122
8 3 7 117
6 4 25 115
8 5 27 116
7 3 7 101
3 3 7 98
8 4 8 99
2 3 7 80
6 4 7 79
8 5 7 78
4 7 6 76
7 4 17 78
7 3 5 76
7 3 6 79
6 3 6 76
6 3 7 58
1 3 7 47
4 4 16 48
2 3 7 33
3 3 7 30
6 4 11 30
6 3 7 28
6 3 7 20
1 3 8 171
3 3 8 157
4 3 8 155
6 4 7 156
7 4 11 158
6 4 10 155
2 4 9 153
1 4 7 153
7 3 6 155
8 4 6 154
6 5 5 152
4 3 6 152
7 3 7 157
7 3 8 151
6 3 8 145
8 4 20 143
7 4 25 143
3 3 8 124
6 5 10 123
7 3 8 125
8 3 8 121
3 3 8 92
6 3 8 78
7 5 9 77
8 3 7 79
1 3 7 80
4 3 8 78
4 3 8 67
3 4 12 65
4 3 8 61
5 5 23 60
6 3 8 53
8 3 8 10
7 5 7 9
8 3 8 6
4 3 6 6
7 4 15 6
1 3 6 7
4 5 8 6
8 3 5 6
3 3 9 177
1 3 9 165
4 3 9 159
8 4 8 157
6 3 9 159
4 3 9 153
4 3 9 148
8 3 9 141
1 4 8 140
7 4 10 139
7 3 9 121
3 3 9 105
2 3 9 73
5 3 9 73
7 3 9 67
7 3 9 65
4 3 9 61
5 3 9 31
7 3 9 32
2 4 10 34
6 3 9 14
7 3 9 9
2 3 9 7
5 3 9 8
4 4 8 6
3 4 9 6
7 3 9 2
8 5 9 1
1 3 10 161
5 3 10 158
2 3 10 142
7 4 17 142
3 3 10 131
3 3 10 118
1 3 10 115
1 4 11 113
6 4 13 115
2 3 10 115
8 3 10 113
1 3 10 64
7 3 10 45
6 5 10 45
1 4 15 46
5 3 10 43
2 4 12 42
4 6 17 42
3 5 12 43
7 3 10 42
3 3 10 18
3 3 10 3
3 3 11 180
5 3 11 175
8 3 10 172
2 4 11 174
8 4 16 175
4 3 11 127
2 3 11 119
3 3 11 69
4 3 11 65
7 4 11 66
8 4 18 66
3 3 11 57
6 5 11 57
4 3 9 59
7 5 11 58
5 3 12 174
8 4 13 176
3 4 11 174
7 3 11 174
5 3 11 175
6 4 11 173
2 3 12 173
6 3 12 151
5 3 12 143
4 3 12 134
8 5 13 132
7 5 17 135
2 3 11 134
7 3 12 132
2 5 15 135
8 3 12 63
8 5 21 62
6 4 21 64
1 3 12 41
8 3 12 28
6 3 12 29
8 3 12 19
6 3 12 8
7 3 13 192
8 3 13 146
2 3 13 145
1 3 13 142
2 4 15 140
6 3 13 140
2 3 13 108
6 3 13 64
7 3 12 65
1 4 12 66
8 3 13 42
6 3 13 39
7 4 12 38
8 3 11 40
5 3 12 39
6 3 13 19
8 3 14 166
6 3 12 165
5 3 14 114
7 3 14 78
2 4 21 77
8 3 14 68
8 3 14 51
8 3 14 27
6 3 14 24
3 3 14 8
5 3 14 8
4 3 15 174
6 3 15 135
4 3 14 134
8 3 15 123
3 3 15 110
4 3 15 96
3 3 15 73
5 3 14 71
2 3 15 49
1 3 15 33
8 3 15 8
3 3 16 193
5 3 16 162
8 3 17 112
1 3 17 64
1 3 17 44
1 3 18 117
5 3 16 117
4 3 19 145
4 3 19 69
2 3 19 62
6 3 20 198
8 3 21 200
6 3 19 200
1 3 22 193
4 4 21 193
3 3 22 68
6 3 22 52
7 3 22 49
5 3 22 44
8 3 26 115
6 3 26 68
6 3 27 106
3 2 1 199
8 3 4 198
7 2 1 179
3 2 1 180
7 3 3 179
6 3 5 178
8 3 9 180
8 3 9 177
6 3 9 176
4 2 1 179
5 2 1 175
3 2 1 170
6 4 4 170
8 5 4 172
3 4 7 173
7 3 2 171
3 2 1 167
8 2 1 163
6 2 1 162
7 3 1 160
8 5 1 158
7 4 8 158
4 3 2 160
4 3 5 162
5 3 6 161
2 3 6 160
1 3 5 159
8 4 5 158
3 3 6 157
8 3 13 159
6 3 12 160
4 3 11 160
3 2 1 162
7 2 1 159
6 3 5 158
7 4 8 159
7 2 1 154
7 3 3 153
8 4 3 152
7 3 13 151
6 2 1 141
8 3 12 139
2 3 12 140
8 2 1 135
1 4 9 134
8 3 4 135
6 4 4 134
6 3 6 137
8 2 1 132
6 2 1 131
8 3 1 129
6 3 2 131
7 3 3 131
3 4 4 130
3 3 6 133
4 2 1 132
7 3 5 133
8 2 1 132
5 2 1 121
2 3 2 120
7 5 2 121
6 4 5 122
4 5 13 122
1 4 12 121
2 3 3 123
8 3 2 123
8 3 3 124
4 3 5 121
6 3 11 123
8 2 1 121
8 3 3 120
6 2 1 122
7 4 3 122
5 4 4 119
3 3 5 122
1 2 1 121
8 2 1 118
1 3 12 116
4 3 12 115
8 2 1 114
5 4 4 113
8 4 4 113
5 4 4 114
7 4 7 113
2 3 2 113
2 3 7 116
6 3 6 117
6 3 9 116
5 3 11 112
7 3 14 110
6 2 1 114
8 3 14 115
6 3 14 115
4 2 1 109
4 2 1 95
6 3 7 96
7 4 6 94
8 3 6 95
4 3 7 97
5 3 8 96
4 3 13 93
5 2 1 91
8 3 6 92
8 2 1 80
4 4 2 80
2 3 3 79
4 3 12 81
8 3 12 78
3 2 1 78
6 4 1 76
7 2 1 75
8 3 2 76
7 4 7 75
8 3 6 76
6 3 5 76
5 3 7 77
8 3 15 74
8 2 1 74
8 3 4 72
6 3 4 74
2 4 11 73
3 3 9 74
6 3 8 73
3 2 1 71
8 3 8 71
6 3 14 68
6 2 1 66
5 2 1 64
4 4 3 64
7 3 2 61
6 3 7 62
6 2 1 60
7 3 3 59
6 3 2 58
7 3 3 58
3 3 4 60
1 3 2 59
8 3 4 59
7 3 5 62
8 3 4 62
4 3 5 60
6 3 4 60
3 2 1 61
7 2 1 60
7 3 7 61
8 3 7 63
5 3 6 60
5 2 1 60
8 2 1 59
5 3 3 58
6 2 1 55
6 3 2 53
2 3 2 54
3 3 5 56
5 3 6 55
1 3 10 52
1 2 1 44
4 4 7 44
1 4 8 44
8 3 7 45
5 4 8 44
7 4 9 45
3 3 8 42
8 3 8 42
6 5 9 45
1 3 11 44
5 2 1 38
2 3 6 38
7 3 7 39
3 2 1 36
8 2 1 29
7 3 1 28
2 3 15 28
4 3 15 27
3 2 1 24
7 3 1 24
6 3 7 26
8 3 6 26
8 3 15 27
8 2 1 26
7 2 1 18
6 4 8 18
2 3 2 19
1 4 12 18
6 3 3 18
4 4 8 19
4 3 5 20
1 3 6 19
6 2 1 16
5 3 8 17
8 5 7 16
3 5 7 19
7 2 1 12
6 2 1 11
8 2 1 6
4 2 1 1
8 3 2 2
7 5 3 2
2 4 3 1
7 2 2 200
3 3 20 199
7 2 2 198
4 3 3 199
2 2 2 198
7 3 7 199
2 3 7 199
8 5 5 198
1 2 2 197
7 3 2 196
6 3 2 196
1 5 3 197
8 4 2 195
6 3 2 194
8 3 12 198
4 3 21 193
7 3 23 193
7 2 1 193
8 3 10 193
5 3 10 194
6 3 10 191
7 4 13 193
1 3 11 192
8 4 12 194
6 4 17 192
4 3 10 193
5 3 12 191
4 2 1 194
8 3 7 194
7 2 2 194
6 2 2 194
8 3 11 193
8 2 2 195
7 2 2 196
3 2 2 196
1 3 3 195
2 2 2 192
6 2 2 184
8 3 2 184
6 3 3 183
6 4 5 184
8 3 10 186
1 2 2 184
5 2 2 183
8 2 2 178
3 4 2 177
4 2 1 177
2 3 8 178
6 2 2 175
4 2 2 173
2 2 2 170
3 2 2 169
8 2 2 166
1 2 2 165
7 2 1 164
4 2 1 164
7 4 8 165
6 3 1 163
7 2 2 164
1 2 2 163
7 2 2 162
4 3 5 161
8 2 1 162
6 2 2 163
5 2 2 154
6 3 6 152
1 2 2 152
2 3 6 152
1 4 7 152
5 2 2 152
8 3 5 151
6 2 2 149
8 3 7 148
2 2 1 149
7 2 1 148
1 3 5 146
1 2 1 148
8 2 1 149
3 2 1 148
7 2 2 149
8 3 5 150
6 2 2 150
2 2 2 147
4 3 12 147
7 2 2 147
7 3 6 146
7 2 2 144
4 3 5 145
2 4 5 144
6 3 7 144
3 3 6 143
2 3 11 142
3 3 11 143
4 4 12 143
1 2 2 143
8 3 5 142
4 4 5 141
3 3 6 140
5 3 8 142
2 3 9 144
5 2 2 140
1 3 6 139
5 2 2 130
1 2 1 130
7 3 1 129
6 2 1 131
4 2 1 128
1 2 1 127
3 2 2 120
7 3 4 120
6 2 2 118
8 4 4 117
3 2 2 119
6 2 2 113
5 2 2 111
8 2 2 110
7 2 2 110
5 2 2 108
7 2 1 108
5 3 8 108
6 2 1 109
5 2 2 110
2 2 1 110
6 2 1 111
3 2 2 112
4 2 2 111
3 2 2 111
8 3 5 112
6 4 4 111
4 2 2 109
7 3 5 108
1 2 1 109
7 2 1 110
3 2 2 109
8 2 2 108
6 2 2 106
4 3 12 104
5 3 13 106
8 3 12 104
4 2 2 100
1 2 2 100
6 3 8 100
6 2 2 101
2 4 4 101
8 2 1 100
3 4 4 101
8 3 5 101
8 2 2 90
1 4 9 89
8 3 3 88
6 3 3 88
7 3 3 87
6 3 5 86
7 3 9 89
6 3 9 91
3 2 1 90
4 4 9 91
6 2 2 81
4 3 4 82
7 2 2 80
6 3 6 81
1 2 2 81
7 3 9 82
8 2 2 80
6 2 2 78
2 3 4 77
1 3 4 76
8 4 5 76
7 2 2 78
3 3 3 79
6 2 2 78
4 2 2 77
1 3 3 77
6 2 2 77
7 2 2 70
6 3 2 69
6 4 3 70
4 3 9 70
6 3 9 71
4 3 12 68
2 2 1 70
4 2 2 68
5 3 2 68
3 3 2 68
5 4 9 67
2 3 6 69
8 3 6 67
8 2 2 66
1 2 2 58
8 2 2 52
6 3 11 52
1 2 2 50
3 3 4 50
3 3 16 52
6 2 2 50
3 4 5 49
5 2 2 49
5 3 4 49
8 3 14 49
8 2 1 48
4 2 1 49
2 2 2 48
8 3 2 47
7 3 2 46
4 3 2 47
7 3 9 45
8 2 1 46
1 3 3 45
2 3 6 45
7 2 2 43
8 2 2 36
6 2 2 35
3 3 5 35
5 3 8 35
3 2 2 34
7 2 2 24
6 2 2 24
2 3 8 22
4 3 9 24
5 2 2 20
6 2 1 20
7 2 1 19
1 2 2 15
6 4 3 15
2 3 2 14
1 2 2 15
7 3 3 15
6 3 3 15
7 3 4 14
7 2 2 10
6 2 2 9
8 3 3 8
5 2 1 9
3 3 3 10
6 2 2 8
3 2 2 6
6 3 2 5
5 2 2 7
2 2 2 6
1 2 2 5
6 3 6 4
2 2 2 4
8 2 2 1
6 2 2 1
6 3 9 2
4 2 2 2
6 2 3 196
4 2 3 196
5 2 3 190
3 2 3 189
7 2 2 188
4 2 3 186
1 3 5 186
8 2 2 185
6 3 2 186
2 2 3 187
5 2 3 184
2 2 2 184
7 3 3 183
5 2 3 184
8 2 3 183
2 2 3 178
5 3 5 178
1 2 3 176
7 2 2 175
4 3 4 176
8 2 2 174
3 3 2 175
7 2 2 173
6 2 2 174
2 2 3 173
7 2 3 168
6 2 3 165
3 2 3 160
5 2 3 152
2 3 3 151
8 2 3 143
4 2 3 140
7 2 3 140
3 4 8 140
7 3 7 140
7 2 3 137
2 3 10 136
4 2 3 130
4 2 3 122
7 4 6 123
8 3 4 122
7 2 3 121
1 2 2 121
6 2 3 122
7 2 3 115
3 3 2 114
1 3 11 116
1 2 1 114
7 4 10 115
2 2 3 107
1 2 3 104
1 4 14 103
3 3 3 104
5 3 3 105
3 3 3 106
4 4 4 106
8 3 3 103
6 3 2 103
6 3 11 105
8 2 1 105
4 3 8 104
7 2 1 104
6 2 3 101
4 3 4 102
8 4 6 102
8 3 2 101
5 3 5 102
3 3 4 102
5 2 3 90
3 2 3 84
7 2 3 76
6 2 3 67
8 2 3 56
7 2 3 56
6 3 3 55
1 4 2 54
7 3 2 53
5 2 3 47
4 2 3 47
6 2 3 46
3 2 3 46
6 2 3 44
3 2 2 43
1 2 3 33
5 3 14 33
2 2 3 32
4 2 3 31
4 2 3 29
1 3 5 30
3 2 3 24
8 2 3 23
5 3 3 22
1 2 2 21
8 3 8 21
2 3 8 23
5 2 3 19
4 2 3 2
1 3 5 3
7 2 2 2
6 2 4 178
2 2 4 168
6 2 4 162
8 2 3 162
2 2 4 154
5 2 4 148
1 2 4 145
7 2 4 136
1 2 4 132
5 3 7 133
1 3 9 134
8 2 4 131
6 2 4 130
1 2 4 122
3 2 4 101
6 2 3 101
2 3 7 102
7 3 7 102
6 2 4 93
2 3 5 93
5 2 4 74
2 2 4 74
8 3 7 73
6 3 8 74
6 2 4 71
4 2 4 70
4 2 4 68
7 3 5 67
8 3 10 67
5 2 4 63
8 2 3 63
2 2 4 45
7 2 4 43
3 3 5 44
8 2 4 40
1 3 4 38
3 2 4 40
5 2 3 40
3 2 4 33
6 2 4 29
8 3 4 30
7 2 4 24
4 2 4 23
6 3 9 23
2 3 9 22
4 2 4 18
1 2 4 7
8 2 4 3
6 2 4 3
5 2 5 188
3 2 5 187
6 2 5 178
8 2 5 140
5 2 5 141
6 3 7 140
8 4 8 142
7 3 8 143
6 2 5 140
1 2 4 139
2 2 5 136
6 3 8 134
5 2 5 116
8 3 7 115
7 2 4 115
8 2 4 114
3 3 5 114
5 3 4 114
4 2 3 115
8 2 5 101
1 2 5 98
7 2 5 91
6 2 4 91
4 3 5 90
3 2 4 89
8 3 5 89
7 2 4 88
5 2 5 90
1 2 5 89
4 2 5 83
1 2 5 74
8 3 5 74
1 2 5 72
7 2 4 72
3 2 5 67
1 2 5 67
5 2 5 52
2 3 8 51
6 2 5 34
8 2 5 35
2 2 4 35
1 2 5 36
6 2 5 26
2 3 5 25
5 2 5 26
5 3 9 27
7 2 5 24
8 2 5 9
7 3 6 9
1 2 4 9
6 2 4 10
4 2 3 10
7 2 2 10
2 3 2 11
8 2 2 12
4 2 5 4
3 2 5 1
7 2 6 189
6 3 6 189
4 2 6 157
6 2 6 156
5 2 6 143
6 2 6 124
7 2 6 125
3 2 6 105
7 2 6 94
7 2 6 80
8 2 6 56
3 2 6 54
2 2 6 53
1 2 6 36
7 2 6 33
5 2 5 33
8 2 6 32
1 2 6 31
7 2 6 21
8 2 6 4
7 2 7 193
2 2 7 188
5 2 7 153
6 2 7 145
3 2 7 142
3 2 7 60
8 2 7 56
3 3 8 57
6 2 6 56
5 2 8 176
8 2 7 176
8 2 8 136
2 2 8 97
4 2 8 85
7 2 8 85
4 2 8 74
7 2 8 57
2 2 8 56
4 2 8 54
4 2 8 39
4 2 8 4
6 3 8 4
5 2 8 1
4 3 8 1
7 2 7 1
2 2 7 1
4 2 9 194
5 2 9 145
1 2 9 131
3 2 9 89
2 2 9 84
6 2 8 84
5 2 8 84
6 2 8 84
5 2 9 62
6 4 9 62
7 3 8 62
8 2 9 64
4 2 9 57
1 2 9 27
6 2 9 25
3 2 10 153
2 2 10 136
4 2 10 131
3 2 10 117
1 2 10 52
2 2 11 195
4 2 11 179
3 2 11 168
3 2 11 142
8 2 11 135
3 2 11 91
6 2 11 28
4 2 11 25
3 2 11 8
7 2 12 124
1 2 12 56
2 2 12 49
6 2 11 49
7 2 10 49
5 2 12 49
6 2 12 1
8 2 11 1
6 2 13 195
4 2 13 153
7 2 13 124
6 2 12 124
3 2 13 96
2 3 14 96
5 2 13 92
8 2 14 195
2 2 14 134
5 2 14 95
1 2 13 95
7 2 14 16
6 2 16 195
8 2 15 195
7 2 14 195