19445
1096
7 91 67 34
6 75 66 5
7 8 19 27
8 8 60 62
4 7 22 46
1 7 29 6
2 7 51 12
7 6 38 53
6 5 5 13
6 7 22 13
4 5 6 26
8 6 62 29
2 5 7 33
4 5 7 22
3 5 9 24
4 5 15 61
1 5 15 5
6 6 18 4
4 6 24 4
5 6 31 5
2 5 24 50
2 5 27 8
8 6 32 10
5 5 32 13
5 5 42 54
3 5 45 41
7 5 49 1
7 5 52 14
5 5 61 41
2 4 2 57
7 4 3 28
5 4 4 42
7 4 4 6
6 6 4 5
5 4 5 16
2 6 29 13
8 5 40 16
5 5 43 14
5 4 7 34
3 4 7 19
1 4 8 61
2 5 33 60
7 4 8 57
6 7 27 57
5 4 8 7
7 4 10 52
2 4 11 2
2 4 12 18
1 4 18 50
2 4 19 27
1 5 19 27
8 4 22 58
4 4 22 22
2 4 23 45
2 4 24 13
3 4 25 15
4 5 31 18
7 4 24 14
6 5 37 13
6 4 27 19
5 4 28 55
7 4 28 18
4 4 32 61
6 4 33 51
6 4 34 54
5 4 34 32
5 7 54 31
3 4 38 9
8 4 39 55
1 5 43 54
3 4 45 59
3 4 48 37
5 5 57 37
8 4 56 45
4 5 61 45
1 4 57 36
8 4 58 44
6 3 2 13
4 4 36 13
4 3 3 30
3 4 5 31
7 4 4 32
4 4 40 30
8 4 47 31
8 4 50 33
2 4 55 32
2 3 3 33
8 4 20 34
2 5 30 35
3 4 48 31
4 3 3 34
6 4 37 36
8 4 53 37
3 4 54 38
3 3 4 51
3 5 58 50
5 4 37 52
2 5 40 52
8 5 47 49
8 3 4 50
5 4 11 51
5 4 14 49
6 4 18 51
4 5 18 50
4 4 29 48
2 3 4 41
4 3 4 27
2 4 16 27
1 4 49 26
1 5 62 25
6 4 60 25
1 3 4 25
1 4 34 23
4 4 33 24
7 4 32 26
5 4 36 25
8 3 4 19
5 4 4 18
7 4 4 17
4 6 10 15
1 4 11 19
6 5 14 17
3 5 32 17
7 4 17 16
2 4 30 15
2 4 38 16
5 4 52 21
8 3 5 64
7 5 34 62
3 4 33 63
3 4 36 60
4 4 37 58
1 3 5 55
1 6 49 53
4 5 13 55
8 3 5 41
1 5 18 38
2 4 28 41
8 3 5 36
1 3 4 36
4 4 41 36
4 3 5 20
6 3 6 57
8 3 6 59
8 5 30 61
8 4 43 62
8 3 6 56
7 4 35 57
2 4 35 60
2 4 39 60
4 3 5 55
2 3 7 35
8 4 9 34
4 3 7 32
3 4 8 32
6 3 7 33
4 3 8 39
5 3 9 45
6 4 36 44
3 3 9 42
5 4 18 41
8 3 9 43
8 5 18 40
3 4 16 42
2 5 47 44
5 4 20 44
6 3 9 43
7 4 43 41
5 4 46 41
7 3 9 42
7 5 25 43
2 3 8 42
7 3 9 34
2 3 9 32
1 3 8 31
6 4 9 31
3 6 8 30
5 4 8 31
7 5 17 27
4 4 11 28
8 4 11 29
5 4 37 30
1 3 7 30
7 4 46 31
4 3 9 33
5 3 9 18
6 3 10 47
7 3 10 44
1 4 13 43
2 4 39 47
5 5 39 47
1 4 44 47
3 3 10 22
1 3 11 19
1 4 24 19
3 3 11 12
7 3 10 11
8 4 36 10
1 4 50 10
4 3 11 8
6 4 13 8
7 4 19 8
7 5 29 9
7 4 34 9
1 3 11 4
1 4 18 3
4 4 41 3
8 3 12 59
7 4 29 59
4 4 47 59
6 3 12 58
2 3 11 57
6 5 37 55
7 4 37 56
7 3 12 57
6 3 12 35
6 5 41 35
8 3 11 36
7 4 38 36
6 3 11 37
8 3 9 37
8 3 12 30
8 3 12 12
2 3 13 47
6 3 12 47
3 4 42 49
4 3 12 48
1 4 12 46
6 4 17 45
6 4 41 48
2 4 43 48
8 4 43 42
7 3 14 66
3 3 15 28
3 3 16 66
7 5 47 67
6 4 46 66
5 3 17 52
3 4 40 51
8 3 17 19
2 3 17 6
5 3 18 39
2 4 24 38
2 3 18 16
4 3 17 16
6 4 19 17
7 3 19 47
6 4 35 48
7 4 49 49
1 3 19 17
6 4 31 16
7 5 30 17
3 3 19 15
8 4 34 17
6 3 20 35
2 4 34 33
7 3 20 2
6 4 41 3
2 3 20 2
2 4 37 4
5 3 20 2
8 3 22 9
5 3 23 49
4 4 45 49
8 3 24 66
5 4 41 66
2 3 24 59
5 3 24 61
3 5 26 60
7 3 24 62
3 4 43 63
7 3 24 57
4 3 24 30
8 4 25 28
1 4 41 31
6 3 24 3
3 4 23 4
3 3 25 56
7 3 27 55
5 5 40 52
2 4 40 54
2 3 27 12
7 3 27 12
7 3 27 1
3 4 35 1
8 3 29 61
3 3 29 31
3 3 29 3
4 4 32 3
7 3 28 2
2 3 31 54
3 3 31 53
2 3 31 1
5 3 30 1
8 3 30 1
4 3 29 1
3 3 32 62
6 5 32 61
7 3 30 63
7 3 32 59
3 3 32 55
5 3 32 57
8 3 32 23
7 5 42 20
2 3 32 24
4 3 32 7
7 3 33 50
6 3 33 33
1 3 32 33
6 3 33 34
2 3 33 29
7 3 33 1
3 3 33 2
5 3 34 33
4 3 34 24
7 3 36 63
2 5 36 63
5 3 36 54
4 3 35 54
1 3 36 44
2 3 36 27
1 3 36 24
3 3 37 30
7 3 37 25
2 3 38 50
6 3 39 26
2 3 39 8
1 3 40 47
5 3 40 49
6 3 41 41
5 3 42 45
4 3 44 40
8 3 44 26
4 3 43 26
2 3 45 67
6 3 45 66
8 3 51 21
2 3 51 7
3 2 1 60
1 4 1 59
2 4 23 61
2 3 7 62
5 4 11 63
2 4 27 66
3 3 9 64
7 4 38 65
2 3 13 66
3 4 31 64
4 3 21 61
8 3 29 63
2 3 33 65
5 2 1 36
5 4 6 35
6 4 20 36
5 4 30 37
6 3 4 36
3 4 28 35
5 3 20 36
1 3 24 38
5 3 27 35
2 4 29 34
4 3 28 35
4 3 45 39
8 2 1 35
1 4 28 34
6 2 1 28
3 3 2 27
5 4 16 26
3 3 4 26
3 4 27 27
3 3 8 27
2 4 28 27
5 4 27 27
4 3 22 27
2 3 26 29
1 3 26 26
5 3 35 29
8 2 1 29
7 3 3 28
8 2 1 22
3 4 35 23
5 3 2 23
6 4 19 22
6 5 31 21
5 4 18 23
5 5 26 21
1 3 6 22
7 4 27 23
5 3 5 23
5 3 6 22
2 4 37 20
2 3 5 21
7 4 12 22
8 3 13 24
2 4 16 24
3 3 16 24
6 3 30 21
1 3 29 21
2 3 29 21
3 3 29 21
4 3 30 23
7 3 29 23
4 3 40 21
1 4 42 21
7 3 42 20
1 2 1 4
7 3 9 5
8 3 21 5
6 4 34 5
6 3 37 7
7 3 37 8
4 2 2 66
7 3 25 65
1 3 28 65
1 2 2 58
6 3 24 58
4 3 24 57
6 3 25 57
7 3 34 58
3 3 37 58
8 2 2 58
7 3 21 59
4 3 22 61
5 5 24 60
4 2 2 59
5 4 21 59
3 3 5 58
5 3 16 58
3 2 1 59
6 3 4 60
6 4 14 58
1 3 6 60
6 2 2 57
1 3 15 58
3 4 14 59
7 3 14 60
6 2 2 53
2 3 10 53
4 4 24 52
3 4 36 53
7 3 14 53
7 4 31 55
4 3 29 54
8 3 30 54
1 3 31 54
4 2 2 49
2 3 7 47
3 3 20 49
7 3 27 48
3 2 2 34
5 2 2 34
4 4 18 33
8 3 3 33
4 3 6 34
7 4 8 32
6 3 6 36
3 3 7 34
7 3 12 37
4 4 27 36
2 3 15 35
3 3 18 32
8 3 17 32
5 3 16 32
3 4 16 33
4 3 14 32
2 3 17 33
6 3 16 31
1 3 16 31
3 3 22 37
8 3 29 30
8 3 30 37
6 2 2 27
1 2 2 16
3 3 24 15
3 2 2 13
1 3 2 12
6 4 7 12
3 4 33 11
5 4 33 10
8 3 6 13
3 3 17 11
2 4 17 10
3 3 16 9
2 3 19 12
3 4 22 11
4 4 33 8
8 3 27 12
1 3 31 12
7 3 33 8
3 3 35 15
7 3 39 15
4 2 1 11
2 3 2 12
8 2 1 10
6 3 23 10
3 3 23 9
2 4 24 9
4 3 23 11
7 3 22 12
1 3 21 10
6 3 21 9
3 3 23 13
6 4 22 13
8 3 22 11
3 3 27 9
8 2 2 14
4 3 2 14
3 3 3 12
5 3 7 15
8 3 8 17
2 3 11 17
8 3 18 16
4 3 26 16
3 2 1 14
2 3 9 13
8 3 9 15
2 3 20 12
6 2 2 15
8 3 4 15
8 3 10 17
5 3 9 17
3 3 22 18
7 2 2 13
1 3 8 14
1 3 9 12
5 4 27 12
5 3 16 13
1 3 17 10
8 3 23 11
2 4 23 11
2 2 2 14
5 2 1 13
1 3 13 11
7 2 1 14
7 3 7 15
3 3 8 17
4 4 9 17
5 3 23 19
4 3 25 19
6 3 24 19
4 3 30 17
4 2 2 15
1 3 11 14
6 3 11 13
6 3 17 13
2 2 2 15
4 3 5 13
8 2 2 4
1 3 5 4
5 2 2 4
1 3 26 4
4 5 26 3
2 2 3 57
8 3 17 56
1 2 2 56
3 3 20 57
5 3 20 59
1 2 3 57
2 3 18 56
4 4 18 57
2 2 3 57
1 3 7 56
8 3 8 57
7 3 12 55
4 3 18 53
6 3 27 53
2 3 28 53
6 2 2 56
3 2 3 46
2 4 28 46
1 3 8 44
3 3 8 46
6 3 20 47
1 3 26 49
4 2 3 36
5 4 10 35
7 3 3 35
6 3 6 36
4 3 7 36
8 3 10 34
6 3 14 34
7 3 13 32
7 4 15 32
2 3 30 38
2 2 2 35
5 3 3 35
8 4 3 33
7 4 10 34
1 3 10 32
7 4 25 32
6 3 11 37
7 4 35 38
6 3 13 32
5 3 26 39
1 3 39 40
7 3 41 41
7 2 3 22
7 3 4 22
8 3 5 21
4 3 18 24
4 2 2 22
2 3 8 21
3 3 13 20
7 3 12 20
4 3 23 20
3 2 1 22
1 3 1 21
6 3 11 20
2 3 17 23
3 3 17 24
6 2 3 20
1 3 3 20
3 2 3 16
3 2 3 9
5 2 3 8
1 3 10 8
2 3 12 7
4 3 13 7
4 3 32 5
7 3 36 6
2 2 2 8
3 3 1 7
3 4 4 5
8 3 6 7
7 2 2 6
3 3 18 5
7 2 3 5
3 5 13 4
5 3 9 3
5 4 10 5
6 3 9 3
7 3 25 6
2 2 3 3
7 3 12 4
3 3 18 1
3 3 19 1
6 2 4 66
7 3 4 65
2 3 8 63
4 3 30 64
2 2 4 66
3 4 26 65
8 3 19 66
6 3 37 65
4 3 37 64
8 2 3 65
8 3 6 64
1 3 7 65
7 3 7 64
1 3 20 63
8 4 23 62
4 4 23 62
2 3 23 63
2 2 4 64
3 3 26 62
6 2 4 40
3 3 6 40
2 4 32 39
1 3 6 41
8 3 6 41
6 3 7 40
8 3 20 39
6 3 29 40
8 4 33 42
1 3 29 42
5 2 4 41
4 3 4 40
7 3 4 39
2 3 11 42
7 3 11 42
6 3 12 39
4 3 13 40
3 5 14 38
7 4 23 40
7 3 33 44
4 2 3 39
2 3 17 40
2 3 22 38
8 3 22 39
1 3 24 40
7 2 4 36
3 4 7 34
5 2 4 37
8 3 6 37
7 5 6 38
4 3 9 36
6 3 10 36
1 4 20 38
8 2 4 38
3 3 16 36
1 2 4 39
2 3 4 38
6 3 15 38
8 3 20 38
6 4 20 38
3 2 4 24
2 3 4 23
3 3 9 22
2 4 11 24
5 3 15 21
6 3 17 24
4 3 17 24
8 3 16 24
7 3 16 25
7 2 4 10
5 3 20 10
2 2 4 9
8 2 4 4
2 3 22 5
5 2 4 4
1 3 9 2
2 3 9 4
8 3 10 5
6 3 12 2
1 3 21 1
2 3 27 2
8 2 5 58
4 3 6 57
8 4 12 58
1 4 12 58
6 3 11 58
6 3 15 59
5 2 5 58
7 2 5 56
2 2 5 57
3 2 5 58
8 2 5 58
4 3 4 58
6 2 4 59
1 2 3 58
7 2 4 58
2 2 3 57
5 2 3 58
8 2 5 56
3 2 4 55
5 3 13 54
1 3 13 55
6 3 13 52
3 4 13 54
6 3 20 53
3 3 23 53
4 2 5 35
7 2 5 32
4 3 17 31
3 2 5 31
1 3 15 31
4 3 24 30
4 2 4 31
3 3 8 31
6 2 4 30
3 4 15 29
1 3 6 29
4 3 33 28
2 2 4 30
6 4 12 30
4 3 6 31
2 2 5 30
2 3 21 28
6 2 5 28
2 2 5 28
2 3 9 27
5 3 11 28
7 3 11 30
5 2 5 27
1 3 11 27
4 2 5 28
3 3 18 28
6 3 18 29
1 2 4 27
5 3 15 28
3 2 5 28
4 2 5 28
8 3 9 29
3 3 19 28
2 3 19 29
6 2 5 19
2 2 5 16
5 2 5 15
6 3 14 14
8 3 16 14
4 3 15 13
8 2 6 62
4 3 13 60
2 3 18 61
3 2 6 53
8 3 8 53
1 3 16 51
3 3 16 51
6 3 16 51
3 4 16 49
6 3 27 48
5 3 39 50
3 2 6 48
1 3 14 48
5 2 6 49
7 2 6 46
4 3 28 46
3 3 35 47
1 2 6 46
5 3 12 46
2 3 24 45
7 3 23 45
3 3 25 46
8 3 26 46
6 3 36 44
5 2 6 45
1 2 6 43
3 3 5 42
6 3 24 41
6 2 5 42
5 3 7 42
2 3 23 41
7 2 5 42
3 2 6 41
1 2 6 37
1 2 6 26
2 3 19 24
1 2 6 23
2 2 6 18
1 3 23 19
5 3 25 18
7 3 24 18
4 2 6 10
2 4 6 9
8 3 5 10
4 3 8 9
5 3 8 11
1 3 14 8
4 2 5 10
6 3 6 10
3 2 4 10
3 5 7 9
4 2 3 10
7 3 9 11
6 2 3 11
1 2 2 11
5 2 3 10
8 3 3 9
4 2 2 10
1 2 3 8
5 2 4 7
4 3 26 6
1 2 4 8
5 2 4 9
8 2 5 8
7 2 5 7
4 2 6 6
2 3 21 6
7 2 6 5
3 4 6 4
4 2 6 7
4 2 6 4
1 2 5 4
4 2 7 64
8 3 20 62
5 3 21 63
2 2 7 65
2 2 7 56
7 3 8 56
5 2 7 52
4 3 13 52
1 2 7 26
8 2 7 27
5 3 7 26
7 3 7 28
6 3 7 25
8 4 11 26
1 4 16 28
1 3 10 27
6 3 16 29
4 2 7 28
5 3 8 29
3 2 8 66
2 2 8 54
6 2 7 53
2 2 8 38
4 3 12 38
3 2 7 38
8 2 6 38
8 3 12 38
1 2 8 39
5 3 11 39
2 2 8 34
8 2 8 5
7 2 8 1
6 2 9 62
7 2 9 60
8 2 9 61
3 2 9 61
5 4 9 60
2 3 9 59
7 3 18 62
7 2 9 62
6 2 9 62
3 2 8 62
1 2 9 46
5 3 9 47
8 3 9 44
3 3 9 46
6 2 8 47
2 3 8 46
6 3 8 47
8 3 8 48
1 3 16 49
2 2 7 47
5 3 14 47
8 3 14 49
3 2 7 47
4 2 6 47
1 3 8 46
7 4 7 46
4 3 15 44
6 2 5 46
8 4 5 46
2 2 5 45
8 3 8 46
7 2 5 45
3 2 9 43
5 3 21 43
3 3 21 44
8 2 9 43
6 2 9 43
2 2 9 42
4 2 9 31
4 2 9 22
8 2 8 22
7 4 17 21
5 2 7 22
8 3 8 22
2 3 17 21
5 4 17 22
5 2 8 24
1 2 8 23
6 2 7 23
8 2 6 23
3 3 6 22
2 3 7 22
6 3 16 24
3 3 22 19
4 3 23 21
7 2 6 24
8 3 5 24
1 2 4 24
6 2 3 23
3 2 3 23
1 3 4 23
3 2 2 22
5 2 3 24
7 2 3 25
7 3 7 25
3 3 9 26
2 3 8 26
8 2 3 21
1 3 7 21
7 2 3 21
8 3 17 19
1 2 4 24
5 3 5 25
4 2 5 26
8 2 4 26
6 2 4 27
4 2 5 21
3 3 11 20
7 2 5 20
6 3 10 20
2 2 6 20
5 3 6 19
6 3 21 17
8 3 21 19
2 3 20 17
6 2 6 18
4 2 8 19
7 3 7 19
2 3 7 20
5 2 8 20
6 2 8 18
5 2 8 17
7 3 14 16
1 3 14 15
3 2 8 18
5 2 9 25
7 2 8 25
2 2 7 25
2 2 8 25
6 2 9 20
8 2 9 12
5 2 10 49
3 3 11 50
7 4 15 49
7 3 11 48
8 4 21 50
7 4 20 52
4 4 20 50
1 4 22 50
2 3 14 50
6 3 22 51
5 3 22 52
6 2 10 50
5 3 19 51
3 2 10 44
3 3 12 42
8 2 9 43
2 2 9 44
5 2 9 43
6 2 10 39
2 2 10 18
4 2 10 2
3 4 11 2
3 3 19 1
5 2 10 1
1 2 11 64
8 2 11 63
3 2 11 54
8 2 11 44
5 2 11 44
6 2 10 43
3 2 10 42
5 2 10 43
1 2 10 44
4 2 10 45
7 2 11 43
2 2 11 38
1 2 11 37
7 2 11 37
2 2 10 36
7 2 11 28
8 2 12 67
4 2 12 66
2 3 16 64
1 2 12 67
5 2 11 67
4 3 16 66
3 2 11 66
6 3 14 64
8 2 12 33
3 2 12 29
6 2 12 30
3 2 12 15
2 2 11 15
5 3 12 16
4 4 13 14
5 3 13 13
4 2 11 15
2 2 12 14
2 2 12 7
6 4 13 5
5 4 13 7
8 3 12 7
4 2 13 64
8 2 12 63
5 3 12 62
4 2 12 62
7 2 13 54
2 4 13 52
4 2 13 54
6 2 13 50
4 3 12 49
7 3 12 50
5 4 11 50
4 2 11 51
8 2 12 48
3 2 13 51
2 2 13 50
7 3 13 51
2 3 15 51
5 2 13 8
7 2 13 5
3 2 13 6
5 2 14 65
2 3 15 66
3 3 14 65
8 2 14 42
4 4 14 41
1 2 13 43
4 2 14 36
7 2 14 12
6 2 15 51
7 2 15 40
3 2 15 6
5 2 15 6
5 2 15 2
4 2 15 1
4 2 16 51
2 2 16 32
3 2 17 41
3 2 18 55
4 2 18 55
5 2 18 2
7 2 19 2
1 2 20 1
3 2 21 67
5 2 23 48
1 2 26 2
6 2 31 67
8 2 31 1
1 2 33 67