6995
127
5 73 12 2
6 26 7 25
1 25 9 6
7 11 3 21
7 10 8 1
2 7 3 6
1 6 22 23
3 5 2 8
7 4 2 27
8 4 6 2
4 4 11 21
2 4 11 9
6 4 16 28
4 3 6 12
3 3 7 25
4 3 8 18
3 3 7 18
2 3 9 15
8 3 9 1
4 3 10 28
7 3 12 20
8 3 17 16
7 3 22 9
6 3 28 16
7 2 1 9
8 2 1 9
2 3 2 7
3 4 16 9
7 3 4 8
8 2 1 6
3 2 2 10
5 3 12 10
1 2 2 8
2 2 3 28
1 3 14 28
2 3 19 26
7 2 3 27
2 3 5 28
6 2 3 5
3 2 3 6
8 2 4 10
7 2 4 11
6 3 3 11
1 5 3 10
3 3 2 10
5 3 2 11
7 4 3 11
6 3 1 11
4 3 7 10
6 3 12 13
1 3 18 14
2 2 1 10
8 2 2 9
1 2 2 10
3 4 8 8
8 2 2 11
8 2 4 13
1 2 4 8
2 3 8 9
1 2 4 5
7 2 4 6
6 4 4 4
1 3 4 7
5 2 3 5
4 2 3 6
3 2 4 2
4 3 4 3
7 2 3 3
6 3 6 1
2 3 7 1
8 4 8 1
3 2 3 4
4 2 5 14
1 2 5 3
7 2 5 1
1 2 4 1
5 3 4 2
4 2 3 2
7 2 3 3
8 2 3 4
6 2 4 1
5 2 6 27
8 2 6 20
2 3 15 19
1 2 6 19
1 2 6 13
3 3 22 14
1 3 23 15
8 2 6 10
6 2 6 9
7 3 7 7
8 3 7 8
6 3 6 7
3 2 5 8
1 3 7 9
5 3 6 8
7 2 5 9
8 2 4 8
8 2 6 7
6 2 7 27
8 3 13 28
2 2 8 20
6 3 15 20
5 2 9 26
3 2 9 18
4 3 19 16
4 2 9 16
6 3 9 15
2 2 9 17
7 3 10 17
3 3 10 18
7 2 9 13
2 2 11 21
5 3 16 21
5 2 11 21
6 2 13 28
1 2 12 28
1 2 14 17
6 2 14 14
1 2 15 19
8 2 17 17
6 2 17 16
4 2 19 26
2 3 19 26
8 2 20 15
8 2 21 29
3 2 21 23