22659
2387
5 34 32 24
1 30 18 48
4 29 66 82
3 29 86 28
4 26 93 51
2 25 8 14
1 24 18 82
7 23 49 59
6 24 70 51
8 23 83 69
5 21 10 74
1 20 54 19
2 9 71 91
6 8 42 49
7 8 48 64
6 8 84 89
4 7 18 95
4 8 48 98
3 6 3 46
6 6 5 60
1 6 24 49
8 6 29 85
5 6 34 26
2 6 35 70
5 6 36 63
3 6 36 26
7 7 47 27
6 6 40 80
8 8 57 79
6 6 40 33
8 7 64 33
6 8 86 32
2 6 40 19
3 6 47 22
2 6 57 77
8 7 78 77
1 6 82 62
1 6 94 2
1 5 5 24
6 6 5 24
1 7 41 23
4 6 41 23
5 6 41 24
3 5 16 83
6 7 56 83
7 5 33 28
3 5 32 30
3 5 36 3
1 6 51 4
5 5 37 89
2 6 48 91
6 5 42 75
7 5 50 81
4 5 53 72
6 5 54 54
7 5 58 77
4 6 74 77
8 5 60 99
6 5 58 96
3 5 61 68
3 5 62 30
1 5 63 74
5 5 70 16
3 5 68 14
7 5 71 63
3 6 89 60
2 5 71 8
5 5 74 58
5 5 74 8
4 5 74 8
2 5 82 75
6 5 83 51
4 5 87 63
7 5 90 22
8 4 2 21
8 5 23 25
6 5 37 22
7 4 3 52
5 5 73 51
8 6 81 52
1 5 83 58
5 4 5 62
8 5 40 60
3 4 5 39
1 5 76 40
4 5 82 42
8 4 5 25
5 5 9 25
3 5 58 23
5 4 6 50
5 4 7 94
3 6 22 94
1 6 86 94
6 5 82 93
8 7 84 94
2 4 8 56
8 5 42 55
5 5 44 56
8 5 45 55
1 5 56 55
4 4 9 94
1 5 66 92
5 5 76 91
1 4 8 94
3 4 10 86
2 6 31 84
7 5 9 87
3 8 53 88
7 4 10 47
8 4 11 65
3 6 30 63
2 5 55 61
3 5 54 61
5 6 75 60
4 4 11 36
1 5 78 35
1 5 90 36
1 4 11 31
4 5 35 31
4 4 15 63
2 5 14 61
5 5 53 58
7 4 15 38
4 4 13 36
5 4 17 3
5 6 47 4
1 6 53 4
5 6 57 1
3 6 88 6
3 4 19 81
1 6 54 81
4 4 19 36
6 5 67 36
8 5 88 37
7 4 20 13
2 4 22 95
2 4 22 76
7 4 22 52
7 4 23 85
3 4 24 73
3 5 68 75
5 4 24 14
2 5 58 14
5 4 26 100
4 5 25 97
7 5 38 98
5 5 59 97
8 4 26 72
3 5 47 71
5 5 62 68
1 4 26 36
4 6 55 39
2 4 27 27
7 4 28 93
3 5 33 93
3 6 79 93
8 5 34 92
8 4 28 90
5 5 43 89
5 4 28 72
3 4 28 17
8 5 67 16
5 4 31 69
8 5 56 66
6 5 78 65
8 4 31 34
3 4 32 96
7 4 32 45
7 7 41 46
3 4 32 46
2 5 37 45
1 6 43 44
8 5 76 47
6 4 33 82
6 5 69 83
1 4 33 80
5 4 33 52
7 6 43 54
5 7 47 53
8 4 32 52
6 4 33 42
3 4 33 29
4 5 63 30
7 5 81 28
2 4 33 31
8 6 34 32
5 5 31 31
4 4 34 44
3 4 34 17
6 5 86 17
6 4 35 36
7 4 36 64
5 5 44 66
8 4 36 21
7 4 34 21
2 5 74 21
6 4 37 19
5 5 47 16
1 4 36 18
2 5 38 19
1 5 61 16
5 4 39 95
4 4 39 96
6 6 60 94
7 5 54 94
4 4 39 84
5 4 39 5
8 4 41 79
7 4 42 80
6 5 72 80
3 4 42 64
6 4 42 62
2 5 52 61
4 4 41 60
1 4 42 56
6 4 44 58
6 5 52 58
4 4 44 18
4 5 68 19
3 5 70 18
4 4 44 3
2 5 55 1
3 4 45 28
3 4 46 60
7 4 45 62
7 4 46 60
6 4 46 16
4 5 54 16
5 5 65 18
1 5 72 19
7 4 47 2
3 4 48 65
2 4 47 64
3 5 72 64
6 4 49 51
3 4 50 12
1 5 63 13
8 5 94 10
5 4 52 78
8 4 52 34
5 4 52 30
2 4 54 9
2 5 82 7
3 4 55 58
2 4 55 50
5 4 57 52
1 4 58 98
5 5 64 98
7 4 60 16
8 4 61 54
8 4 61 15
2 4 60 15
6 4 61 16
6 4 63 45
6 4 63 20
6 5 69 20
4 4 63 16
2 5 73 12
4 5 73 12
3 4 65 4
4 4 67 13
4 4 67 6
8 4 69 37
2 4 71 59
5 4 71 29
6 4 73 63
2 4 73 53
4 4 73 23
1 4 71 24
6 4 70 25
7 4 74 11
4 4 75 2
7 4 76 75
8 4 76 74
5 4 76 7
2 4 79 28
8 4 82 91
1 4 89 10
1 3 1 52
2 4 70 52
4 3 1 46
4 5 10 47
7 4 54 46
2 4 54 45
2 4 63 46
1 4 63 45
1 3 1 47
2 4 32 49
1 4 31 48
7 4 44 49
8 4 46 50
4 4 72 49
2 5 73 48
7 3 2 48
6 4 35 49
8 3 3 97
5 5 2 95
6 4 3 97
3 4 3 97
2 4 3 96
5 6 32 96
8 5 31 97
3 4 20 99
2 4 50 96
2 6 64 97
5 4 58 94
1 5 70 94
7 3 3 58
2 4 56 59
4 4 71 58
7 3 5 96
2 4 13 93
3 4 21 95
1 5 28 95
3 4 27 97
2 4 40 98
7 4 40 93
6 6 41 92
8 4 42 91
4 3 5 94
1 3 4 95
1 4 8 94
2 3 5 94
4 4 15 95
2 4 15 96
2 4 36 95
5 4 50 94
8 3 5 91
5 4 25 91
4 4 24 92
5 5 28 95
4 6 40 93
7 4 27 94
7 4 30 91
4 4 47 91
2 3 5 87
1 4 54 88
3 4 58 87
5 4 70 87
8 4 75 88
1 4 76 87
2 4 76 85
7 3 5 36
1 5 8 36
4 4 9 32
2 4 11 37
1 4 16 36
4 6 69 34
2 5 30 35
6 5 39 35
6 4 22 34
4 4 24 32
8 4 36 33
1 5 41 33
3 4 49 38
6 3 5 33
2 4 22 32
6 3 6 55
4 3 6 26
1 5 68 25
7 4 11 25
4 4 45 24
7 3 5 26
2 4 61 23
1 3 7 88
5 5 52 87
6 4 18 89
2 5 37 88
6 4 33 88
3 4 49 90
8 4 50 91
4 5 54 88
4 3 7 74
2 4 22 74
2 4 57 74
7 4 59 75
4 4 67 73
1 4 74 74
3 5 78 72
3 3 7 40
6 3 8 96
4 4 8 95
3 4 17 94
3 3 6 94
4 4 20 96
6 4 34 94
8 4 42 95
6 3 8 81
3 4 61 80
7 4 69 79
1 3 8 75
2 4 50 73
2 4 68 76
4 3 8 69
4 5 65 67
5 4 50 68
6 4 64 67
1 4 62 65
7 4 62 66
4 4 62 64
5 4 63 65
1 4 82 70
5 4 84 67
8 3 8 29
4 5 11 29
8 4 16 28
4 4 45 30
8 4 49 27
4 3 8 25
7 5 41 24
5 5 42 25
2 4 26 23
4 4 25 23
1 4 25 24
6 4 56 27
1 3 9 74
2 5 39 74
2 4 10 76
1 4 38 75
4 4 50 72
6 4 55 71
1 3 9 68
8 4 61 68
4 6 74 68
1 3 9 63
5 3 9 56
8 5 77 56
5 4 34 57
6 5 34 54
4 3 9 18
2 4 50 15
3 4 57 16
4 3 10 62
2 4 28 62
5 3 10 55
4 6 64 56
7 4 56 55
1 4 55 54
2 4 55 53
6 4 54 52
7 5 54 51
6 3 10 49
6 4 33 48
3 4 47 49
5 4 58 48
8 3 10 33
8 4 39 31
1 3 10 28
4 4 32 28
2 4 43 28
8 4 45 29
1 5 58 29
1 4 53 28
6 5 57 30
5 4 56 29
2 4 62 28
5 4 62 27
6 3 10 22
4 5 53 19
7 4 58 18
4 4 58 20
1 3 9 23
3 4 22 23
8 5 45 24
1 4 42 23
6 4 48 24
5 4 60 22
4 3 10 2
3 5 72 1
4 4 18 1
4 5 74 2
3 4 37 3
5 4 54 2
2 3 11 87
2 4 22 88
4 4 46 88
8 4 57 86
3 3 11 64
8 3 11 30
7 4 10 29
8 3 11 9
6 6 11 9
1 7 34 7
5 5 35 7
5 5 41 8
6 4 19 9
7 4 33 11
4 4 40 8
1 3 9 10
3 4 53 8
8 4 58 11
3 4 60 12
4 4 59 11
8 4 64 6
4 4 75 9
8 4 74 7
6 4 78 7
5 3 12 49
8 5 15 50
3 5 36 49
3 4 15 51
1 5 34 47
8 5 59 48
3 3 12 36
8 5 30 37
6 4 54 38
4 3 13 83
8 3 13 78
1 5 16 78
7 4 48 82
8 3 13 68
5 4 37 69
5 4 72 70
4 3 13 56
6 4 22 56
3 5 22 54
3 4 24 56
1 5 58 56
1 4 71 59
5 3 13 40
5 3 13 19
3 4 51 17
6 3 14 16
6 5 32 16
7 4 32 16
6 3 15 73
5 4 15 73
8 4 42 75
4 3 15 41
2 4 52 42
8 4 54 39
6 3 16 86
2 3 16 77
5 4 31 75
3 3 16 45
6 3 15 44
7 5 38 42
8 4 15 44
4 5 32 44
8 5 33 43
5 3 16 40
5 5 37 41
1 4 38 39
1 4 53 37
5 4 53 37
3 4 52 37
5 4 60 41
1 4 78 41
8 3 16 20
2 4 26 20
7 3 16 18
8 3 16 6
4 4 43 5
3 5 45 5
6 5 63 7
4 4 53 6
1 5 60 5
7 4 64 3
7 4 68 5
7 3 16 3
3 6 26 4
8 4 41 4
2 4 53 3
8 4 66 1
3 3 17 79
6 3 17 71
6 4 22 70
8 5 26 69
6 5 27 72
4 4 28 70
5 6 54 71
5 4 37 72
7 4 40 69
2 6 67 72
5 4 63 72
1 4 63 74
7 3 17 70
6 6 42 69
8 4 60 69
2 6 61 69
5 3 18 88
7 4 31 86
7 4 53 88
3 3 19 87
7 4 61 86
5 3 19 28
8 4 19 29
4 3 20 56
5 3 20 33
6 3 20 19
7 4 62 19
8 3 19 20
3 4 29 20
5 4 48 22
6 3 21 32
1 3 21 22
4 4 33 21
7 3 21 18
1 4 28 17
8 4 51 15
3 4 50 17
5 3 21 18
7 3 21 13
7 3 22 71
1 4 39 69
3 4 50 68
1 4 53 71
4 3 21 70
8 4 30 67
1 3 22 62
4 4 44 64
3 3 22 34
2 3 22 15
4 3 22 4
8 4 64 5
6 3 23 64
2 3 23 40
1 4 44 40
6 4 59 43
2 4 63 38
6 3 23 21
1 5 44 21
4 3 24 33
1 4 22 32
7 3 22 32
2 4 29 30
7 4 29 30
2 3 24 10
1 4 48 11
1 4 51 10
7 3 24 3
2 3 25 77
2 3 25 69
7 3 25 64
2 3 25 25
6 3 25 5
1 3 25 2
5 3 26 97
8 4 51 97
1 4 53 97
4 4 70 99
2 3 26 73
7 6 27 73
1 4 27 69
6 4 34 73
5 4 39 75
3 3 26 73
3 4 56 71
7 3 26 51
5 4 27 53
5 4 30 52
4 4 43 50
1 3 26 51
3 5 28 52
1 4 27 53
6 5 52 52
5 3 26 1
4 3 27 100
8 3 27 28
6 5 39 26
1 4 45 27
2 3 28 89
8 4 66 87
2 3 28 79
3 3 28 69
8 3 28 46
2 4 48 47
6 3 28 4
6 4 32 4
2 4 60 6
6 3 29 70
8 3 29 54
1 3 29 44
8 4 59 40
6 3 30 93
3 3 30 24
5 3 31 65
8 3 31 46
4 3 31 30
2 5 44 30
6 4 30 29
2 3 29 30
3 3 30 28
7 3 32 90
8 3 32 57
8 3 32 49
8 3 33 94
7 4 32 93
6 4 38 91
2 3 33 96
3 3 32 96
7 4 39 96
4 3 33 72
6 4 36 72
8 3 32 70
2 3 33 70
4 3 33 28
3 3 33 24
2 4 32 23
6 3 32 26
1 4 33 25
7 3 32 23
3 3 31 24
7 3 34 67
3 3 34 57
6 4 42 58
6 5 69 59
1 3 34 36
5 3 34 34
7 3 35 89
2 5 58 89
5 3 35 80
3 4 72 80
6 4 71 82
5 4 76 83
4 3 35 77
7 3 35 50
2 5 35 48
8 3 35 33
5 3 35 27
3 3 35 11
7 3 36 74
4 3 36 59
6 3 36 7
4 4 45 7
2 4 66 7
3 3 37 81
6 4 55 81
7 3 37 59
5 4 38 60
8 5 64 58
3 4 64 60
2 3 37 53
7 4 50 53
4 3 37 36
5 3 38 94
4 6 37 92
6 4 40 93
6 3 38 49
2 3 39 78
6 4 52 77
5 4 57 76
6 3 39 78
4 3 39 70
1 3 39 36
4 3 39 37
2 4 69 38
5 4 68 38
3 4 69 40
7 4 69 40
2 3 39 38
8 3 39 20
2 4 47 20
1 3 39 8
5 3 40 81
8 3 40 39
7 4 58 40
2 3 40 15
8 4 57 13
4 3 40 1
7 3 38 1
5 3 40 1
3 3 41 54
4 3 41 55
7 3 41 39
3 3 39 39
4 3 41 32
3 3 42 99
7 3 43 99
3 3 43 15
1 5 52 13
5 4 52 11
7 4 52 12
7 4 53 12
7 4 61 9
8 4 60 11
6 4 60 11
1 5 62 13
1 4 68 9
4 3 44 81
2 3 44 82
3 4 45 84
2 3 44 38
6 3 44 39
8 3 44 22
7 3 44 7
7 3 45 31
7 3 45 16
7 3 45 13
5 4 58 11
3 3 45 3
6 4 46 2
6 3 46 73
2 3 46 35
4 3 47 86
6 3 47 40
5 3 46 40
4 3 47 28
8 4 52 26
8 3 48 78
2 3 48 78
4 4 69 77
3 3 49 75
3 4 66 76
8 3 49 13
2 3 48 12
3 4 56 10
6 3 49 13
8 3 49 7
6 3 50 10
1 5 52 7
2 3 50 9
6 3 50 11
2 3 51 26
5 3 52 80
7 3 52 31
7 3 53 72
6 3 53 65
2 3 53 15
7 3 54 60
5 3 54 61
3 3 54 34
2 3 54 35
7 3 54 31
8 3 55 76
3 3 55 6
7 3 56 92
4 3 56 84
8 3 56 64
6 3 56 57
5 3 55 56
4 3 56 31
3 3 57 41
5 3 57 40
2 3 57 7
5 3 57 5
8 3 58 41
3 3 59 67
4 5 61 66
5 3 60 18
8 3 61 99
5 3 61 88
2 3 61 79
6 3 61 62
7 3 63 77
1 4 62 76
5 3 63 42
5 3 64 48
8 3 65 34
7 3 67 66
3 3 67 66
1 3 67 20
5 3 68 84
8 3 69 67
4 3 69 43
5 3 71 1
8 3 73 92
1 2 1 70
3 3 37 71
4 3 41 70
4 2 1 70
4 3 14 70
4 4 25 70
7 3 16 71
5 3 20 69
8 3 23 70
5 4 27 71
3 4 27 71
1 4 26 71
7 3 27 71
3 3 41 68
5 3 41 68
1 3 43 72
1 3 54 73
8 3 60 66
5 4 62 65
3 2 1 52
8 3 3 52
7 4 2 51
5 3 13 50
1 4 46 49
7 3 19 49
6 4 19 50
4 3 18 48
4 3 22 49
3 3 32 51
1 3 32 53
7 3 32 54
1 3 41 52
4 3 41 53
4 4 47 55
8 3 40 54
7 3 42 54
3 3 42 55
8 3 44 47
3 4 55 46
4 3 65 46
2 2 1 41
6 3 14 42
4 4 32 42
1 3 14 41
7 3 15 40
8 4 58 41
3 3 19 42
5 3 18 42
7 4 37 41
7 3 19 41
6 4 26 43
6 3 18 40
8 3 24 42
6 5 38 42
4 4 60 41
6 3 29 41
7 3 31 41
3 4 55 40
1 3 31 41
8 4 58 42
4 3 32 44
2 3 40 41
7 3 40 40
6 3 41 40
4 3 55 46
4 2 1 21
6 4 15 20
7 3 15 21
8 4 53 20
8 3 23 21
2 3 41 22
4 3 48 20
7 3 61 19
8 2 2 100
6 3 24 99
2 4 32 99
6 4 51 98
6 3 42 98
4 3 45 99
3 3 44 100
1 3 48 98
8 2 2 96
8 4 9 97
4 4 11 98
2 4 12 98
8 4 11 98
7 4 21 98
1 4 34 97
5 4 34 99
7 3 10 98
2 4 9 98
2 4 33 98
4 4 34 97
1 3 12 97
6 3 19 94
8 3 19 93
4 3 35 95
3 3 39 93
2 3 50 99
7 2 2 97
5 3 7 96
2 4 34 96
1 2 1 96
3 3 17 96
2 4 19 93
1 3 19 95
7 3 32 97
3 3 32 97
7 3 40 92
1 3 50 91
2 4 53 92
4 3 49 92
2 3 54 88
7 3 54 87
1 3 60 88
6 3 59 88
4 3 58 87
2 2 1 95
1 3 5 95
6 3 16 94
1 4 27 95
3 3 21 97
6 2 2 96
3 2 2 95
5 2 2 76
4 3 12 75
7 4 12 77
5 3 29 78
2 3 30 80
2 3 31 78
1 3 35 82
8 4 55 81
1 3 35 74
3 3 38 81
4 4 53 81
1 3 38 82
6 3 41 83
8 4 46 83
7 3 46 78
8 3 66 84
7 2 2 76
3 3 18 77
8 3 21 77
3 3 29 77
1 4 30 79
4 5 46 79
6 4 28 78
6 4 51 76
8 3 53 81
1 2 2 67
8 4 13 67
8 4 39 66
2 3 22 65
2 3 35 66
6 2 2 65
2 3 6 65
7 3 19 65
8 4 30 67
1 4 57 64
2 3 25 64
6 5 55 64
5 3 26 63
3 3 48 67
5 3 54 66
7 3 53 63
7 3 61 62
6 2 2 60
7 3 12 61
6 3 29 58
3 3 35 57
1 3 35 59
4 4 39 58
8 3 50 60
4 3 49 58
7 3 55 62
6 3 57 62
4 2 2 61
8 4 25 60
6 3 6 60
4 3 24 61
6 3 24 61
5 3 33 63
4 3 36 61
3 3 40 60
1 3 39 59
6 3 40 59
5 3 42 61
8 4 43 63
7 3 48 58
3 4 48 59
1 3 56 59
5 2 2 59
8 3 5 59
7 3 5 61
4 4 44 62
1 3 5 60
7 3 6 57
1 3 6 57
2 3 31 57
3 3 38 62
6 3 38 57
5 3 38 55
7 2 2 60
1 3 27 61
6 4 36 62
6 3 26 61
5 4 34 60
8 3 34 59
1 3 33 57
7 4 47 57
7 3 34 59
8 3 35 57
2 3 35 57
1 3 50 63
8 2 2 61
6 3 10 61
3 4 42 62
1 3 19 61
4 3 25 63
3 3 28 60
8 2 2 48
6 3 2 47
3 4 41 45
7 3 3 46
5 4 28 44
3 3 5 48
5 3 26 48
3 3 33 45
2 3 34 45
4 3 43 44
8 3 55 43
6 3 55 44
8 2 2 46
6 4 37 45
1 3 4 44
7 3 13 45
1 3 16 44
7 3 36 46
4 3 35 47
1 4 34 48
8 3 34 46
7 3 49 43
5 2 2 45
8 3 6 45
3 3 9 43
4 3 11 44
8 5 30 42
6 3 12 44
4 3 19 44
2 4 47 42
3 3 19 44
7 3 31 42
3 3 30 41
7 4 38 43
7 2 2 30
7 4 30 29
4 3 11 29
7 5 31 29
1 4 25 29
2 3 13 28
1 3 22 30
4 4 30 32
4 3 26 25
1 3 27 29
5 3 28 32
5 3 37 23
1 3 37 22
5 3 41 20
4 3 50 33
3 3 56 34
4 2 1 30
3 3 9 29
7 4 9 30
2 4 12 30
4 4 20 30
1 3 13 31
6 3 12 28
5 3 12 30
8 3 42 31
3 2 2 19
1 2 2 18
4 3 14 18
6 4 22 17
5 3 22 17
8 3 21 16
5 5 24 15
1 4 43 16
4 3 30 15
6 3 34 19
5 3 38 16
1 3 39 18
6 4 39 19
1 3 40 21
4 3 43 19
5 3 44 20
8 3 46 22
3 2 2 16
8 3 11 16
8 5 19 16
2 3 12 17
4 3 12 15
4 4 34 13
1 3 18 14
1 3 19 14
3 4 55 13
6 3 24 15
8 3 30 13
2 3 34 16
6 3 34 12
4 4 54 12
7 3 60 10
4 2 2 12
5 3 39 12
7 2 2 9
7 4 42 9
5 3 6 9
3 4 9 9
7 3 9 5
8 4 31 4
1 3 10 5
4 4 12 6
4 3 13 5
4 3 32 2
4 3 33 10
5 3 33 3
7 3 34 6
6 3 40 11
7 3 40 1
8 3 46 10
4 3 48 2
1 3 51 9
5 3 51 10
1 3 57 1
3 3 62 1
2 2 2 9
7 3 4 10
8 4 15 8
7 4 47 7
2 3 5 9
4 3 9 8
3 3 9 9
2 3 25 7
2 3 40 11
8 3 51 8
3 3 51 7
4 2 2 9
6 3 28 9
5 3 35 10
1 2 2 8
8 4 24 7
4 3 42 8
5 2 2 6
4 3 19 5
1 3 49 5
7 2 2 7
3 4 15 6
2 4 16 6
2 4 29 5
7 3 14 5
6 4 41 3
6 4 44 5
1 3 12 5
3 3 11 4
1 3 16 3
7 5 28 2
7 3 22 7
5 4 42 8
7 3 30 2
1 3 37 5
7 3 36 5
8 3 37 1
2 4 45 1
7 3 43 2
1 3 44 6
3 3 44 1
7 3 48 1
1 2 2 7
8 3 6 6
6 3 5 4
4 4 18 2
3 3 6 2
1 3 6 3
2 4 20 1
1 4 34 1
7 3 13 6
1 3 15 6
6 3 19 2
5 3 42 1
2 3 45 1
8 2 2 6
6 3 19 5
6 4 30 6
8 3 20 5
5 3 29 7
8 3 32 8
6 2 3 100
2 3 4 99
6 3 31 98
3 2 2 100
2 2 3 86
7 3 20 87
4 4 31 86
8 3 25 86
1 3 34 89
8 3 35 85
5 3 36 88
8 3 36 85
5 4 37 85
2 3 36 85
3 4 36 86
2 5 45 84
1 4 39 84
3 4 47 87
3 4 51 87
7 3 38 83
5 3 38 82
3 5 41 80
2 4 37 81
4 3 40 81
1 4 42 81
6 3 40 79
7 4 41 80
5 3 44 85
1 2 3 82
2 4 9 81
7 3 10 83
4 3 31 79
4 3 56 84
5 2 3 83
2 3 4 83
1 3 19 84
3 3 24 85
4 4 24 83
2 3 23 84
2 3 39 85
6 3 52 85
1 2 3 78
4 3 7 77
6 4 16 77
2 3 13 77
7 3 17 77
3 3 17 79
4 3 20 78
7 5 26 77
3 3 20 77
3 3 26 81
5 3 26 81
7 4 26 81
8 4 26 80
6 3 26 80
4 6 26 81
7 3 25 79
8 3 32 77
8 2 3 76
1 3 22 76
4 3 39 74
3 2 2 76
3 3 19 76
8 4 34 75
6 3 18 77
8 3 41 74
6 3 42 75
6 2 1 75
4 3 16 74
7 3 25 72
4 2 1 75
2 3 3 75
8 2 1 76
5 3 15 75
5 3 35 76
5 2 3 73
2 4 22 72
7 5 33 70
8 3 11 72
1 4 24 72
7 3 11 72
4 4 32 72
2 4 33 68
6 5 33 69
3 2 3 73
6 3 4 72
1 3 10 73
3 4 10 73
8 5 25 70
1 4 12 74
5 3 23 72
6 5 25 71
1 3 28 74
2 3 31 70
8 2 3 73
5 3 22 74
1 3 25 76
5 3 25 75
7 2 3 71
4 2 3 70
3 2 3 70
3 5 13 69
1 3 12 70
7 2 2 70
2 3 16 70
6 3 22 68
1 3 31 67
7 2 3 70
7 3 17 71
8 3 16 71
8 2 3 71
2 3 4 70
3 2 2 71
4 2 2 70
7 3 11 68
4 4 14 70
8 3 14 73
7 3 14 74
1 2 2 71
1 2 3 69
5 4 17 67
6 3 52 66
1 2 3 64
6 3 5 64
5 3 15 65
8 3 14 62
1 3 14 62
5 3 22 65
1 3 22 65
8 2 2 64
3 3 23 62
7 3 25 63
7 3 39 65
8 3 51 67
2 2 3 63
4 3 23 62
4 2 3 63
7 3 3 62
5 4 7 61
3 3 3 61
3 3 10 64
6 6 19 61
2 3 36 66
1 3 35 67
5 3 36 65
8 2 2 63
4 3 5 62
1 3 5 60
8 3 16 61
2 2 3 62
8 3 10 62
7 2 2 62
7 3 5 60
3 3 10 62
2 3 10 62
1 3 15 60
8 2 3 57
7 3 6 57
4 3 5 56
1 4 24 55
2 3 5 56
4 4 34 57
8 3 5 57
6 3 31 58
4 3 31 55
7 4 34 55
5 3 39 56
3 3 44 51
6 3 44 52
7 2 3 55
3 4 36 54
3 3 9 54
1 3 11 52
5 3 14 50
6 3 24 51
4 3 25 52
8 3 35 48
5 2 3 55
7 4 18 55
6 5 23 56
8 4 29 55
4 3 17 55
8 3 20 52
1 3 30 51
3 2 3 54
8 3 4 53
1 2 3 33
3 4 49 32
6 3 10 34
2 4 27 33
5 3 11 33
8 3 24 35
7 3 33 35
1 4 48 34
6 3 37 37
8 3 36 36
5 3 43 32
4 3 43 33
7 3 49 36
6 5 50 37
8 3 64 38
6 3 64 39
4 3 63 38
8 2 2 33
2 3 2 32
7 3 11 34
1 4 48 35
8 3 23 31
6 3 35 32
6 3 48 34
5 2 1 33
3 3 2 33
8 3 8 32
7 3 10 30
6 4 24 32
1 3 15 32
8 3 23 33
5 3 23 34
1 3 24 36
4 5 43 34
6 3 30 37
1 3 34 31
8 3 34 32
4 3 37 36
8 3 46 34
5 3 46 34
4 2 2 33
1 3 4 34
3 4 8 32
5 4 20 33
5 3 9 32
7 4 18 32
8 3 27 34
3 3 27 35
2 3 27 34
7 3 27 34
1 3 34 35
8 2 2 34
5 2 3 31
2 3 13 29
4 4 13 29
7 3 24 31
3 3 23 32
3 2 3 31
3 3 9 30
8 2 3 31
2 2 2 31
7 2 3 32
6 2 3 26
8 3 11 25
6 3 29 26
4 3 29 23
2 3 29 24
3 2 3 23
5 4 23 22
3 3 25 24
6 3 25 24
7 3 24 25
1 3 24 26
8 3 41 21
7 2 3 22
6 4 4 21
7 4 39 23
3 3 19 23
7 4 20 23
4 4 19 25
1 4 18 24
2 4 18 22
1 3 42 21
8 3 42 19
6 3 43 20
5 2 3 22
2 3 3 23
1 3 15 21
4 4 16 22
7 3 21 19
4 2 2 23
3 5 2 22
3 4 3 20
6 4 10 21
2 4 12 20
5 3 8 21
4 3 7 21
2 2 2 24
4 4 12 24
7 3 12 25
3 3 12 27
5 3 19 28
5 2 3 17
8 3 12 16
1 3 12 18
3 3 23 16
6 3 25 14
8 2 3 18
7 3 31 17
3 2 2 18
7 3 38 18
1 2 3 19
6 2 3 17
1 3 22 15
5 5 26 13
3 3 36 12
5 2 3 9
7 3 13 9
7 3 16 8
8 4 26 7
3 3 18 9
3 3 26 10
3 3 31 8
6 3 31 9
4 3 31 10
8 3 33 6
5 2 3 7
1 4 28 7
4 2 3 3
7 3 3 2
5 3 15 2
7 3 19 4
6 4 23 1
8 3 19 1
2 3 22 2
1 2 2 2
8 3 3 1
6 3 35 3
5 2 2 2
6 2 4 94
5 3 19 93
3 3 19 94
2 3 19 93
8 4 29 90
5 3 22 92
1 4 22 91
3 4 31 90
1 3 27 91
7 2 3 93
7 3 14 93
8 3 14 91
4 3 15 94
5 3 18 90
5 3 24 88
3 3 28 87
8 5 35 87
5 3 36 87
5 3 43 86
3 3 49 86
7 2 4 89
4 4 10 89
8 3 6 89
4 3 6 90
2 4 32 88
6 5 32 88
2 3 14 89
1 4 14 88
5 4 13 89
6 4 19 86
8 5 36 87
1 4 19 86
6 4 32 87
6 4 33 87
4 4 35 89
8 3 18 88
4 3 19 87
3 3 19 87
1 3 23 90
2 3 23 88
5 3 26 89
5 3 31 90
7 4 34 90
7 3 31 90
8 3 31 91
4 3 30 92
7 3 49 85
8 2 4 86
6 3 16 87
8 3 16 85
6 2 3 86
8 3 25 85
5 3 32 85
4 2 3 85
6 3 25 83
1 2 3 86
7 3 18 85
7 2 3 84
6 3 25 85
1 2 4 86
6 3 9 87
8 3 15 85
2 3 15 86
6 3 15 83
1 4 19 82
6 3 18 83
2 3 18 81
6 3 26 82
6 3 36 82
7 3 36 83
3 2 4 84
4 3 4 82
1 4 21 84
2 3 11 81
7 3 12 83
5 3 13 84
3 5 13 85
3 3 13 82
1 3 22 81
2 3 23 85
6 3 23 85
5 3 29 83
3 3 29 80
8 2 4 85
7 3 16 83
5 2 3 85
7 3 6 85
6 5 6 85
8 3 6 86
7 3 17 86
4 3 17 86
2 4 15 84
8 3 18 83
2 2 2 85
3 2 3 85
6 2 3 85
5 2 4 83
8 3 13 81
5 3 13 81
4 3 12 82
7 3 15 80
3 3 15 81
6 3 19 79
3 2 4 78
5 3 6 78
8 3 25 79
2 5 25 77
4 3 28 78
1 3 28 78
1 2 3 77
6 3 3 77
7 3 20 75
7 2 4 57
2 3 15 57
6 3 15 56
8 3 27 54
2 3 28 56
7 3 32 57
6 2 3 57
4 5 4 55
5 3 4 58
1 3 14 57
8 3 21 58
1 3 22 53
3 4 23 52
2 3 23 56
6 3 28 59
3 2 3 59
4 3 2 58
2 3 6 60
3 3 6 58
8 3 6 60
7 3 13 59
6 3 13 60
1 3 16 60
7 3 20 57
5 3 22 58
6 2 4 49
4 2 4 50
6 3 28 49
2 2 4 39
5 2 4 39
7 3 59 38
7 2 4 31
5 3 15 30
8 2 4 28
1 3 11 29
3 3 38 26
1 2 3 27
6 3 10 25
4 2 3 28
8 2 4 26
3 2 4 24
2 2 4 21
5 2 3 21
6 2 3 22
2 3 26 20
4 2 3 23
5 2 3 24
7 2 3 25
8 2 3 25
3 2 3 23
8 2 3 20
3 2 4 16
4 2 4 12
2 4 18 10
7 3 4 12
6 4 34 13
2 3 3 11
4 3 4 12
2 5 9 9
6 3 9 9
3 3 21 13
4 3 31 12
3 2 4 11
8 4 37 11
8 3 10 12
2 5 16 11
7 4 35 12
6 3 9 13
2 3 19 13
6 3 23 10
6 3 25 8
5 3 35 13
6 2 4 12
7 3 6 12
5 3 5 13
2 3 10 14
4 4 18 15
1 2 3 12
5 4 21 11
3 3 11 11
7 4 21 10
1 3 11 10
8 3 21 11
6 2 4 10
4 2 4 10
2 2 4 9
4 3 18 8
7 2 4 3
1 2 4 2
2 3 5 1
4 3 12 2
2 4 14 3
6 3 22 1
2 3 23 4
4 2 4 3
8 3 12 3
7 3 18 1
2 3 24 4
3 3 26 5
3 2 5 84
1 2 5 82
6 4 13 82
7 3 13 84
4 2 4 82
4 3 13 82
5 2 5 76
8 3 5 74
5 3 10 72
6 3 11 75
2 4 11 74
5 3 11 76
2 5 21 74
2 3 16 75
3 3 17 78
2 3 25 76
1 2 5 75
7 3 10 73
4 3 14 74
7 3 14 75
4 3 19 76
5 2 5 68
1 3 36 66
2 2 5 69
5 2 4 69
1 2 5 70
3 3 5 71
4 2 4 71
1 3 5 72
7 3 4 70
2 3 7 72
5 2 5 62
8 3 9 63
4 2 5 61
6 3 5 61
7 2 4 59
4 2 4 59
6 2 5 59
7 2 5 54
6 3 13 53
4 3 15 52
7 3 20 50
1 2 5 54
5 3 20 55
8 2 5 54
3 2 5 55
8 3 17 55
1 3 17 57
5 3 18 58
8 3 18 58
2 3 19 58
7 2 5 48
6 3 12 49
3 3 29 48
4 3 32 48
5 2 5 46
4 3 33 45
1 2 5 38
2 3 35 38
6 4 35 40
3 3 37 36
2 3 41 39
5 2 5 39
8 3 8 37
5 3 8 37
4 3 13 36
4 3 18 34
3 3 18 33
4 4 25 35
3 3 21 35
5 3 28 37
7 3 27 37
5 3 52 39
1 2 4 39
8 2 4 40
6 2 4 41
4 4 18 39
1 3 32 41
4 3 32 41
1 3 35 39
2 2 3 41
3 4 18 40
1 3 16 42
4 3 31 41
7 3 33 40
3 3 36 38
4 3 36 39
8 3 35 38
7 2 2 41
8 3 2 41
7 3 12 40
8 4 17 40
5 3 12 42
7 3 34 38
2 2 3 42
3 3 46 43
7 2 3 43
6 3 3 44
7 3 5 43
7 3 18 45
5 3 30 42
3 3 32 46
7 5 32 46
2 3 32 48
1 2 3 44
3 3 2 43
7 4 38 43
5 3 4 42
2 3 8 45
3 3 7 43
2 3 14 43
7 3 17 44
5 3 23 41
8 3 24 43
3 3 24 45
2 3 25 41
2 3 29 45
7 3 35 38
3 3 35 38
3 3 39 38
1 2 2 44
4 3 2 43
8 3 2 42
7 3 5 43
5 4 6 44
4 3 8 46
3 3 22 42
1 3 21 39
1 3 34 38
6 2 4 45
6 3 12 45
6 3 22 45
5 2 5 42
4 2 5 39
4 3 20 39
3 4 21 40
5 4 20 39
7 2 5 38
3 3 6 37
6 2 5 38
8 3 5 37
1 3 4 37
2 2 5 27
3 2 5 13
3 3 19 11
1 2 6 97
4 3 22 95
3 2 6 89
6 3 19 90
8 4 20 92
6 4 25 91
2 4 25 92
5 2 6 81
1 3 12 80
8 4 14 78
7 2 6 80
6 3 11 80
5 3 10 80
4 4 10 79
5 4 15 77
1 3 16 79
3 3 18 76
6 2 6 80
2 2 6 69
1 3 11 69
8 2 6 68
1 3 7 68
6 3 7 67
3 2 6 68
4 3 27 66
2 3 39 65
7 2 6 67
3 2 5 67
2 4 28 65
3 3 28 66
2 2 5 67
6 3 32 66
6 2 5 68
3 3 13 66
2 3 32 65
4 2 5 67
2 3 11 67
7 4 30 66
6 2 4 66
1 3 14 65
4 3 18 65
1 4 18 65
4 3 20 63
7 2 4 67
5 3 10 65
6 3 12 67
4 2 3 67
7 3 3 67
8 3 31 65
8 2 6 57
4 3 14 57
2 2 6 49
7 3 7 49
7 3 19 47
6 2 6 44
1 2 6 20
4 2 6 16
6 3 16 14
7 3 16 15
1 3 15 13
2 3 17 13
1 3 17 11
5 2 6 16
6 4 6 15
8 3 18 16
7 2 6 11
7 2 6 5
6 4 12 4
8 3 13 6
5 2 5 5
5 3 19 5
2 2 6 5
4 3 8 3
5 5 9 5
8 4 8 2
2 3 8 5
5 3 19 1
2 3 25 6
8 2 6 1
4 3 14 2
1 2 7 99
6 2 7 99
5 2 7 99
6 3 11 97
8 3 12 96
8 5 20 97
2 4 11 95
7 3 18 95
5 3 29 98
4 3 37 99
8 2 7 98
4 2 7 96
1 2 7 82
4 2 7 81
7 3 11 79
3 2 6 81
8 2 6 81
2 2 5 81
5 2 4 81
6 2 7 80
3 2 7 70
2 2 7 62
1 2 7 50
5 3 10 48
8 3 14 50
2 3 14 49
4 3 14 48
8 3 13 48
7 3 16 48
3 3 17 52
4 2 7 50
3 2 6 50
1 5 13 49
1 2 6 49
7 2 7 44
4 3 13 44
2 3 14 45
6 2 7 40
2 3 8 40
3 2 7 40
8 3 18 38
5 3 23 40
7 3 27 38
4 2 7 39
2 2 7 36
5 3 18 35
4 3 31 35
5 3 30 36
8 2 7 36
6 3 7 35
3 2 6 36
4 2 7 36
6 2 7 36
8 2 7 34
2 2 7 19
5 2 6 19
4 2 5 18
8 2 6 18
5 3 18 17
4 2 7 5
6 3 7 6
4 3 8 6
1 3 7 6
1 3 17 7
5 2 7 7
3 2 7 2
8 2 8 92
2 3 8 93
3 3 8 92
3 4 12 92
5 3 18 89
4 2 8 91
6 2 8 80
2 2 8 69
4 2 8 69
3 2 8 68
8 4 8 67
4 3 8 66
6 4 30 66
1 2 8 43
8 3 20 44
5 2 8 34
2 3 11 33
7 3 12 33
6 3 19 35
3 2 8 31
2 2 8 20
5 2 8 15
5 4 21 13
4 2 8 14
8 4 11 14
5 3 10 13
6 3 23 12
6 2 8 9
5 3 21 7
5 2 8 10
8 2 8 9
4 2 8 10
8 2 8 1
8 3 14 2
1 4 16 1
5 2 8 2
8 2 9 79
5 2 9 67
6 2 9 68
2 2 9 69
3 2 8 69
4 2 9 63
3 3 25 64
5 2 9 60
4 2 9 51
2 2 9 48
6 3 19 48
5 2 9 37
3 3 17 38
1 3 19 38
6 3 20 40
2 2 9 31
5 2 9 32
6 2 9 6
4 2 9 6
3 2 9 4
8 2 8 4
4 2 8 3
6 2 9 1
3 2 10 98
1 2 10 97
2 2 10 79
5 2 10 80
8 2 10 75
2 2 10 66
8 2 10 67
2 4 12 65
7 3 15 64
8 3 15 65
6 4 15 65
4 2 9 67
5 2 10 63
3 2 10 64
1 3 17 65
6 2 10 64
5 3 13 63
1 3 12 63
1 2 10 63
8 2 9 62
7 2 9 61
2 3 9 60
6 2 8 61
4 2 9 60
3 2 10 63
2 2 10 51
3 2 10 51
8 3 10 52
5 3 13 51
8 3 15 53
5 3 15 52
2 4 14 52
6 3 15 53
1 3 16 54
3 3 15 55
4 3 15 54
7 3 14 55
2 3 15 53
7 3 15 52
1 3 14 53
8 3 14 52
5 2 10 52
3 3 13 51
4 2 10 46
6 2 10 34
8 2 10 35
6 2 9 35
8 3 11 34
2 5 12 32
7 3 14 34
5 2 10 24
5 2 10 19
6 2 10 14
7 2 10 12
3 2 11 96
4 2 11 88
7 3 14 87
1 2 11 85
5 2 11 86
5 2 11 83
8 2 11 77
3 2 11 64
7 2 11 39
5 3 17 40
8 2 11 40
4 2 11 34
3 3 12 33
8 2 11 26
8 2 11 14
3 2 11 14
4 3 21 15
3 2 11 10
8 2 11 11
4 3 12 12
6 2 11 13
8 3 21 14
4 2 11 14
5 3 13 13
1 2 11 9
8 2 10 9
8 2 11 9
7 2 11 9
1 2 12 97
4 2 12 95
5 2 12 74
5 2 12 64
4 2 12 65
8 2 12 65
1 2 12 39
1 2 12 12
7 2 12 11
4 2 12 6
1 2 13 94
5 3 15 92
8 2 13 95
4 2 13 92
6 2 12 92
3 3 17 92
7 2 13 91
3 2 13 68
4 2 13 69
2 2 13 59
1 2 13 51
4 3 12 50
1 2 11 51
5 2 13 52
2 2 12 52
3 2 13 40
7 3 13 39
8 2 13 26
3 3 18 26
7 2 12 25
4 3 12 25
3 2 12 26
4 2 11 26
7 3 10 25
1 3 24 27
5 2 10 25
6 2 13 23
5 2 13 19
7 2 13 18
1 2 13 15
8 2 13 16
6 2 13 14
8 2 13 14
7 3 13 13
5 2 14 80
4 2 14 78
3 2 13 78
8 2 14 79
7 2 14 79
6 4 13 78
5 2 13 78
8 2 14 45
1 3 14 44
3 2 13 44
5 3 13 45
7 2 13 44
6 2 14 23
3 2 14 22
1 2 14 22
4 2 14 17
1 2 14 18
4 3 14 18
3 3 14 17
7 3 14 17
6 3 16 18
8 2 13 17
1 2 13 17
4 2 14 18
3 2 13 18
5 3 24 19
6 2 13 18
4 2 14 8
4 3 19 7
3 2 13 7
2 3 13 8
5 2 13 7
8 2 14 4
7 2 13 4
1 2 12 3
5 3 13 3
2 2 15 93
4 2 15 84
1 2 15 77
7 2 15 77
1 2 15 30
4 2 15 23
8 2 15 18
3 2 15 19
2 3 24 19
7 2 15 7
7 2 16 93
8 2 16 93
8 4 18 91
3 2 16 86
1 2 16 74
1 2 16 46
3 2 16 46
1 2 16 38
2 2 16 39
7 2 16 26
6 3 18 26
3 2 16 12
4 2 16 12
2 2 16 11
2 2 17 90
1 3 18 91
5 3 17 91
7 3 17 91
3 2 16 90
6 2 17 93
5 2 17 93
6 2 17 90
7 2 17 37
8 2 17 38
6 2 16 38
2 2 16 38
4 2 16 39
3 2 17 35
7 2 17 28
8 2 17 21
7 2 17 21
4 2 17 21
3 2 16 21
3 2 17 20
4 3 18 21
8 2 18 88
5 2 18 45
4 2 18 26
2 2 18 26
7 2 19 98
3 2 19 89
7 3 24 88
8 2 19 89
7 4 19 88
6 3 20 90
5 2 18 89
4 4 19 88
2 2 17 89
8 2 17 89
8 2 18 89
6 2 19 72
8 2 19 48
6 2 19 42
4 2 19 42
5 2 19 43
6 2 19 35
2 2 20 56
8 2 20 19
6 2 20 20
1 2 19 20
5 2 22 27
6 2 25 57
4 3 26 58
7 2 25 57
3 2 24 57
8 2 25 19
3 2 25 19
5 2 28 47
6 2 28 27
4 2 28 1
6 2 31 27
5 2 31 27
6 2 34 47
3 2 37 100
1 2 48 100
6 2 49 100
4 2 48 100