5000
5000
8 2 1 99
6 2 1 99
4 2 1 99
2 2 1 99
8 2 1 99
6 2 1 99
4 2 1 99
2 2 1 99
8 2 1 99
6 2 1 99
4 2 1 99
2 2 1 99
8 2 1 99
6 2 1 99
4 2 1 99
2 2 1 99
8 2 1 99
6 2 1 99
4 2 1 99
2 2 1 99
8 2 1 99
6 2 1 99
4 2 1 99
2 2 1 99
8 2 1 99
6 2 1 99
4 2 1 99
2 2 1 99
8 2 1 99
6 2 1 99
4 2 1 99
2 2 1 99
8 2 1 99
6 2 1 99
4 2 1 99
2 2 1 99
8 2 1 99
6 2 1 99
4 2 1 99
2 2 1 99
8 2 1 99
6 2 1 99
4 2 1 99
2 2 1 99
8 2 1 99
6 2 1 99
4 2 1 99
2 2 1 99
8 2 1 99
6 2 1 99
4 2 1 99
2 2 1 99
8 2 1 99
6 2 1 99
4 2 1 99
2 2 1 99
8 2 1 99
6 2 1 99
4 2 1 99
2 2 1 99
8 2 1 99
6 2 1 99
4 2 1 99
2 2 1 99
8 2 1 99
6 2 1 99
4 2 1 99
2 2 1 99
8 2 1 99
6 2 1 99
4 2 1 99
2 2 1 99
8 2 1 99
6 2 1 99
4 2 1 99
2 2 1 99
8 2 1 99
6 2 1 99
4 2 1 99
2 2 1 99
8 2 1 99
6 2 1 99
4 2 1 99
2 2 1 99
8 2 1 99
6 2 1 99
4 2 1 99
2 2 1 99
8 2 1 99
6 2 1 99
4 2 1 99
2 2 1 99
8 2 1 99
6 2 1 99
4 2 1 99
2 2 1 99
8 2 1 99
6 2 1 99
4 2 1 99
2 2 1 99
7 2 1 97
5 2 1 97
3 2 1 97
1 2 1 97
7 2 1 97
5 2 1 97
3 2 1 97
1 2 1 97
7 2 1 97
5 2 1 97
3 2 1 97
1 2 1 97
7 2 1 97
5 2 1 97
3 2 1 97
1 2 1 97
7 2 1 97
5 2 1 97
3 2 1 97
1 2 1 97
7 2 1 97
5 2 1 97
3 2 1 97
1 2 1 97
7 2 1 97
5 2 1 97
3 2 1 97
1 2 1 97
7 2 1 97
5 2 1 97
3 2 1 97
1 2 1 97
7 2 1 97
5 2 1 97
3 2 1 97
1 2 1 97
7 2 1 97
5 2 1 97
3 2 1 97
1 2 1 97
7 2 1 97
5 2 1 97
3 2 1 97
1 2 1 97
7 2 1 97
5 2 1 97
3 2 1 97
1 2 1 97
7 2 1 97
5 2 1 97
3 2 1 97
1 2 1 97
7 2 1 97
5 2 1 97
3 2 1 97
1 2 1 97
7 2 1 97
5 2 1 97
3 2 1 97
1 2 1 97
7 2 1 97
5 2 1 97
3 2 1 97
1 2 1 97
7 2 1 97
5 2 1 97
3 2 1 97
1 2 1 97
7 2 1 97
5 2 1 97
3 2 1 97
1 2 1 97
7 2 1 97
5 2 1 97
3 2 1 97
1 2 1 97
7 2 1 97
5 2 1 97
3 2 1 97
1 2 1 97
7 2 1 97
5 2 1 97
3 2 1 97
1 2 1 97
7 2 1 97
5 2 1 97
3 2 1 97
1 2 1 97
7 2 1 97
5 2 1 97
3 2 1 97
1 2 1 97
7 2 1 97
5 2 1 97
3 2 1 97
1 2 1 97
7 2 1 97
5 2 1 97
3 2 1 97
1 2 1 97
6 2 1 95
4 2 1 95
2 2 1 95
8 2 1 95
6 2 1 95
4 2 1 95
2 2 1 95
8 2 1 95
6 2 1 95
4 2 1 95
2 2 1 95
8 2 1 95
6 2 1 95
4 2 1 95
2 2 1 95
8 2 1 95
6 2 1 95
4 2 1 95
2 2 1 95
8 2 1 95
6 2 1 95
4 2 1 95
2 2 1 95
8 2 1 95
6 2 1 95
4 2 1 95
2 2 1 95
8 2 1 95
6 2 1 95
4 2 1 95
2 2 1 95
8 2 1 95
6 2 1 95
4 2 1 95
2 2 1 95
8 2 1 95
6 2 1 95
4 2 1 95
2 2 1 95
8 2 1 95
6 2 1 95
4 2 1 95
2 2 1 95
8 2 1 95
6 2 1 95
4 2 1 95
2 2 1 95
8 2 1 95
6 2 1 95
4 2 1 95
2 2 1 95
8 2 1 95
6 2 1 95
4 2 1 95
2 2 1 95
8 2 1 95
6 2 1 95
4 2 1 95
2 2 1 95
8 2 1 95
6 2 1 95
4 2 1 95
2 2 1 95
8 2 1 95
6 2 1 95
4 2 1 95
2 2 1 95
8 2 1 95
6 2 1 95
4 2 1 95
2 2 1 95
8 2 1 95
6 2 1 95
4 2 1 95
2 2 1 95
8 2 1 95
6 2 1 95
4 2 1 95
2 2 1 95
8 2 1 95
6 2 1 95
4 2 1 95
2 2 1 95
8 2 1 95
6 2 1 95
4 2 1 95
2 2 1 95
8 2 1 95
6 2 1 95
4 2 1 95
2 2 1 95
8 2 1 95
6 2 1 95
4 2 1 95
2 2 1 95
8 2 1 95
6 2 1 95
4 2 1 95
2 2 1 95
8 2 1 95
5 2 1 93
3 2 1 93
1 2 1 93
7 2 1 93
5 2 1 93
3 2 1 93
1 2 1 93
7 2 1 93
5 2 1 93
3 2 1 93
1 2 1 93
7 2 1 93
5 2 1 93
3 2 1 93
1 2 1 93
7 2 1 93
5 2 1 93
3 2 1 93
1 2 1 93
7 2 1 93
5 2 1 93
3 2 1 93
1 2 1 93
7 2 1 93
5 2 1 93
3 2 1 93
1 2 1 93
7 2 1 93
5 2 1 93
3 2 1 93
1 2 1 93
7 2 1 93
5 2 1 93
3 2 1 93
1 2 1 93
7 2 1 93
5 2 1 93
3 2 1 93
1 2 1 93
7 2 1 93
5 2 1 93
3 2 1 93
1 2 1 93
7 2 1 93
5 2 1 93
3 2 1 93
1 2 1 93
7 2 1 93
5 2 1 93
3 2 1 93
1 2 1 93
7 2 1 93
5 2 1 93
3 2 1 93
1 2 1 93
7 2 1 93
5 2 1 93
3 2 1 93
1 2 1 93
7 2 1 93
5 2 1 93
3 2 1 93
1 2 1 93
7 2 1 93
5 2 1 93
3 2 1 93
1 2 1 93
7 2 1 93
5 2 1 93
3 2 1 93
1 2 1 93
7 2 1 93
5 2 1 93
3 2 1 93
1 2 1 93
7 2 1 93
5 2 1 93
3 2 1 93
1 2 1 93
7 2 1 93
5 2 1 93
3 2 1 93
1 2 1 93
7 2 1 93
5 2 1 93
3 2 1 93
1 2 1 93
7 2 1 93
5 2 1 93
3 2 1 93
1 2 1 93
7 2 1 93
5 2 1 93
3 2 1 93
1 2 1 93
7 2 1 93
5 2 1 93
3 2 1 93
1 2 1 93
7 2 1 93
4 2 1 91
2 2 1 91
8 2 1 91
6 2 1 91
4 2 1 91
2 2 1 91
8 2 1 91
6 2 1 91
4 2 1 91
2 2 1 91
8 2 1 91
6 2 1 91
4 2 1 91
2 2 1 91
8 2 1 91
6 2 1 91
4 2 1 91
2 2 1 91
8 2 1 91
6 2 1 91
4 2 1 91
2 2 1 91
8 2 1 91
6 2 1 91
4 2 1 91
2 2 1 91
8 2 1 91
6 2 1 91
4 2 1 91
2 2 1 91
8 2 1 91
6 2 1 91
4 2 1 91
2 2 1 91
8 2 1 91
6 2 1 91
4 2 1 91
2 2 1 91
8 2 1 91
6 2 1 91
4 2 1 91
2 2 1 91
8 2 1 91
6 2 1 91
4 2 1 91
2 2 1 91
8 2 1 91
6 2 1 91
4 2 1 91
2 2 1 91
8 2 1 91
6 2 1 91
4 2 1 91
2 2 1 91
8 2 1 91
6 2 1 91
4 2 1 91
2 2 1 91
8 2 1 91
6 2 1 91
4 2 1 91
2 2 1 91
8 2 1 91
6 2 1 91
4 2 1 91
2 2 1 91
8 2 1 91
6 2 1 91
4 2 1 91
2 2 1 91
8 2 1 91
6 2 1 91
4 2 1 91
2 2 1 91
8 2 1 91
6 2 1 91
4 2 1 91
2 2 1 91
8 2 1 91
6 2 1 91
4 2 1 91
2 2 1 91
8 2 1 91
6 2 1 91
4 2 1 91
2 2 1 91
8 2 1 91
6 2 1 91
4 2 1 91
2 2 1 91
8 2 1 91
6 2 1 91
4 2 1 91
2 2 1 91
8 2 1 91
6 2 1 91
4 2 1 91
2 2 1 91
8 2 1 91
6 2 1 91
3 2 1 89
1 2 1 89
7 2 1 89
5 2 1 89
3 2 1 89
1 2 1 89
7 2 1 89
5 2 1 89
3 2 1 89
1 2 1 89
7 2 1 89
5 2 1 89
3 2 1 89
1 2 1 89
7 2 1 89
5 2 1 89
3 2 1 89
1 2 1 89
7 2 1 89
5 2 1 89
3 2 1 89
1 2 1 89
7 2 1 89
5 2 1 89
3 2 1 89
1 2 1 89
7 2 1 89
5 2 1 89
3 2 1 89
1 2 1 89
7 2 1 89
5 2 1 89
3 2 1 89
1 2 1 89
7 2 1 89
5 2 1 89
3 2 1 89
1 2 1 89
7 2 1 89
5 2 1 89
3 2 1 89
1 2 1 89
7 2 1 89
5 2 1 89
3 2 1 89
1 2 1 89
7 2 1 89
5 2 1 89
3 2 1 89
1 2 1 89
7 2 1 89
5 2 1 89
3 2 1 89
1 2 1 89
7 2 1 89
5 2 1 89
3 2 1 89
1 2 1 89
7 2 1 89
5 2 1 89
3 2 1 89
1 2 1 89
7 2 1 89
5 2 1 89
3 2 1 89
1 2 1 89
7 2 1 89
5 2 1 89
3 2 1 89
1 2 1 89
7 2 1 89
5 2 1 89
3 2 1 89
1 2 1 89
7 2 1 89
5 2 1 89
3 2 1 89
1 2 1 89
7 2 1 89
5 2 1 89
3 2 1 89
1 2 1 89
7 2 1 89
5 2 1 89
3 2 1 89
1 2 1 89
7 2 1 89
5 2 1 89
3 2 1 89
1 2 1 89
7 2 1 89
5 2 1 89
3 2 1 89
1 2 1 89
7 2 1 89
5 2 1 89
3 2 1 89
1 2 1 89
7 2 1 89
5 2 1 89
2 2 1 87
8 2 1 87
6 2 1 87
4 2 1 87
2 2 1 87
8 2 1 87
6 2 1 87
4 2 1 87
2 2 1 87
8 2 1 87
6 2 1 87
4 2 1 87
2 2 1 87
8 2 1 87
6 2 1 87
4 2 1 87
2 2 1 87
8 2 1 87
6 2 1 87
4 2 1 87
2 2 1 87
8 2 1 87
6 2 1 87
4 2 1 87
2 2 1 87
8 2 1 87
6 2 1 87
4 2 1 87
2 2 1 87
8 2 1 87
6 2 1 87
4 2 1 87
2 2 1 87
8 2 1 87
6 2 1 87
4 2 1 87
2 2 1 87
8 2 1 87
6 2 1 87
4 2 1 87
2 2 1 87
8 2 1 87
6 2 1 87
4 2 1 87
2 2 1 87
8 2 1 87
6 2 1 87
4 2 1 87
2 2 1 87
8 2 1 87
6 2 1 87
4 2 1 87
2 2 1 87
8 2 1 87
6 2 1 87
4 2 1 87
2 2 1 87
8 2 1 87
6 2 1 87
4 2 1 87
2 2 1 87
8 2 1 87
6 2 1 87
4 2 1 87
2 2 1 87
8 2 1 87
6 2 1 87
4 2 1 87
2 2 1 87
8 2 1 87
6 2 1 87
4 2 1 87
2 2 1 87
8 2 1 87
6 2 1 87
4 2 1 87
2 2 1 87
8 2 1 87
6 2 1 87
4 2 1 87
2 2 1 87
8 2 1 87
6 2 1 87
4 2 1 87
2 2 1 87
8 2 1 87
6 2 1 87
4 2 1 87
2 2 1 87
8 2 1 87
6 2 1 87
4 2 1 87
2 2 1 87
8 2 1 87
6 2 1 87
4 2 1 87
2 2 1 87
8 2 1 87
6 2 1 87
4 2 1 87
1 2 1 85
7 2 1 85
5 2 1 85
3 2 1 85
1 2 1 85
7 2 1 85
5 2 1 85
3 2 1 85
1 2 1 85
7 2 1 85
5 2 1 85
3 2 1 85
1 2 1 85
7 2 1 85
5 2 1 85
3 2 1 85
1 2 1 85
7 2 1 85
5 2 1 85
3 2 1 85
1 2 1 85
7 2 1 85
5 2 1 85
3 2 1 85
1 2 1 85
7 2 1 85
5 2 1 85
3 2 1 85
1 2 1 85
7 2 1 85
5 2 1 85
3 2 1 85
1 2 1 85
7 2 1 85
5 2 1 85
3 2 1 85
1 2 1 85
7 2 1 85
5 2 1 85
3 2 1 85
1 2 1 85
7 2 1 85
5 2 1 85
3 2 1 85
1 2 1 85
7 2 1 85
5 2 1 85
3 2 1 85
1 2 1 85
7 2 1 85
5 2 1 85
3 2 1 85
1 2 1 85
7 2 1 85
5 2 1 85
3 2 1 85
1 2 1 85
7 2 1 85
5 2 1 85
3 2 1 85
1 2 1 85
7 2 1 85
5 2 1 85
3 2 1 85
1 2 1 85
7 2 1 85
5 2 1 85
3 2 1 85
1 2 1 85
7 2 1 85
5 2 1 85
3 2 1 85
1 2 1 85
7 2 1 85
5 2 1 85
3 2 1 85
1 2 1 85
7 2 1 85
5 2 1 85
3 2 1 85
1 2 1 85
7 2 1 85
5 2 1 85
3 2 1 85
1 2 1 85
7 2 1 85
5 2 1 85
3 2 1 85
1 2 1 85
7 2 1 85
5 2 1 85
3 2 1 85
1 2 1 85
7 2 1 85
5 2 1 85
3 2 1 85
1 2 1 85
7 2 1 85
5 2 1 85
3 2 1 85
8 2 1 83
6 2 1 83
4 2 1 83
2 2 1 83
8 2 1 83
6 2 1 83
4 2 1 83
2 2 1 83
8 2 1 83
6 2 1 83
4 2 1 83
2 2 1 83
8 2 1 83
6 2 1 83
4 2 1 83
2 2 1 83
8 2 1 83
6 2 1 83
4 2 1 83
2 2 1 83
8 2 1 83
6 2 1 83
4 2 1 83
2 2 1 83
8 2 1 83
6 2 1 83
4 2 1 83
2 2 1 83
8 2 1 83
6 2 1 83
4 2 1 83
2 2 1 83
8 2 1 83
6 2 1 83
4 2 1 83
2 2 1 83
8 2 1 83
6 2 1 83
4 2 1 83
2 2 1 83
8 2 1 83
6 2 1 83
4 2 1 83
2 2 1 83
8 2 1 83
6 2 1 83
4 2 1 83
2 2 1 83
8 2 1 83
6 2 1 83
4 2 1 83
2 2 1 83
8 2 1 83
6 2 1 83
4 2 1 83
2 2 1 83
8 2 1 83
6 2 1 83
4 2 1 83
2 2 1 83
8 2 1 83
6 2 1 83
4 2 1 83
2 2 1 83
8 2 1 83
6 2 1 83
4 2 1 83
2 2 1 83
8 2 1 83
6 2 1 83
4 2 1 83
2 2 1 83
8 2 1 83
6 2 1 83
4 2 1 83
2 2 1 83
8 2 1 83
6 2 1 83
4 2 1 83
2 2 1 83
8 2 1 83
6 2 1 83
4 2 1 83
2 2 1 83
8 2 1 83
6 2 1 83
4 2 1 83
2 2 1 83
8 2 1 83
6 2 1 83
4 2 1 83
2 2 1 83
8 2 1 83
6 2 1 83
4 2 1 83
2 2 1 83
8 2 1 83
6 2 1 83
4 2 1 83
2 2 1 83
7 2 1 81
5 2 1 81
3 2 1 81
1 2 1 81
7 2 1 81
5 2 1 81
3 2 1 81
1 2 1 81
7 2 1 81
5 2 1 81
3 2 1 81
1 2 1 81
7 2 1 81
5 2 1 81
3 2 1 81
1 2 1 81
7 2 1 81
5 2 1 81
3 2 1 81
1 2 1 81
7 2 1 81
5 2 1 81
3 2 1 81
1 2 1 81
7 2 1 81
5 2 1 81
3 2 1 81
1 2 1 81
7 2 1 81
5 2 1 81
3 2 1 81
1 2 1 81
7 2 1 81
5 2 1 81
3 2 1 81
1 2 1 81
7 2 1 81
5 2 1 81
3 2 1 81
1 2 1 81
7 2 1 81
5 2 1 81
3 2 1 81
1 2 1 81
7 2 1 81
5 2 1 81
3 2 1 81
1 2 1 81
7 2 1 81
5 2 1 81
3 2 1 81
1 2 1 81
7 2 1 81
5 2 1 81
3 2 1 81
1 2 1 81
7 2 1 81
5 2 1 81
3 2 1 81
1 2 1 81
7 2 1 81
5 2 1 81
3 2 1 81
1 2 1 81
7 2 1 81
5 2 1 81
3 2 1 81
1 2 1 81
7 2 1 81
5 2 1 81
3 2 1 81
1 2 1 81
7 2 1 81
5 2 1 81
3 2 1 81
1 2 1 81
7 2 1 81
5 2 1 81
3 2 1 81
1 2 1 81
7 2 1 81
5 2 1 81
3 2 1 81
1 2 1 81
7 2 1 81
5 2 1 81
3 2 1 81
1 2 1 81
7 2 1 81
5 2 1 81
3 2 1 81
1 2 1 81
7 2 1 81
5 2 1 81
3 2 1 81
1 2 1 81
7 2 1 81
5 2 1 81
3 2 1 81
1 2 1 81
6 2 1 79
4 2 1 79
2 2 1 79
8 2 1 79
6 2 1 79
4 2 1 79
2 2 1 79
8 2 1 79
6 2 1 79
4 2 1 79
2 2 1 79
8 2 1 79
6 2 1 79
4 2 1 79
2 2 1 79
8 2 1 79
6 2 1 79
4 2 1 79
2 2 1 79
8 2 1 79
6 2 1 79
4 2 1 79
2 2 1 79
8 2 1 79
6 2 1 79
4 2 1 79
2 2 1 79
8 2 1 79
6 2 1 79
4 2 1 79
2 2 1 79
8 2 1 79
6 2 1 79
4 2 1 79
2 2 1 79
8 2 1 79
6 2 1 79
4 2 1 79
2 2 1 79
8 2 1 79
6 2 1 79
4 2 1 79
2 2 1 79
8 2 1 79
6 2 1 79
4 2 1 79
2 2 1 79
8 2 1 79
6 2 1 79
4 2 1 79
2 2 1 79
8 2 1 79
6 2 1 79
4 2 1 79
2 2 1 79
8 2 1 79
6 2 1 79
4 2 1 79
2 2 1 79
8 2 1 79
6 2 1 79
4 2 1 79
2 2 1 79
8 2 1 79
6 2 1 79
4 2 1 79
2 2 1 79
8 2 1 79
6 2 1 79
4 2 1 79
2 2 1 79
8 2 1 79
6 2 1 79
4 2 1 79
2 2 1 79
8 2 1 79
6 2 1 79
4 2 1 79
2 2 1 79
8 2 1 79
6 2 1 79
4 2 1 79
2 2 1 79
8 2 1 79
6 2 1 79
4 2 1 79
2 2 1 79
8 2 1 79
6 2 1 79
4 2 1 79
2 2 1 79
8 2 1 79
6 2 1 79
4 2 1 79
2 2 1 79
8 2 1 79
6 2 1 79
4 2 1 79
2 2 1 79
8 2 1 79
5 2 1 77
3 2 1 77
1 2 1 77
7 2 1 77
5 2 1 77
3 2 1 77
1 2 1 77
7 2 1 77
5 2 1 77
3 2 1 77
1 2 1 77
7 2 1 77
5 2 1 77
3 2 1 77
1 2 1 77
7 2 1 77
5 2 1 77
3 2 1 77
1 2 1 77
7 2 1 77
5 2 1 77
3 2 1 77
1 2 1 77
7 2 1 77
5 2 1 77
3 2 1 77
1 2 1 77
7 2 1 77
5 2 1 77
3 2 1 77
1 2 1 77
7 2 1 77
5 2 1 77
3 2 1 77
1 2 1 77
7 2 1 77
5 2 1 77
3 2 1 77
1 2 1 77
7 2 1 77
5 2 1 77
3 2 1 77
1 2 1 77
7 2 1 77
5 2 1 77
3 2 1 77
1 2 1 77
7 2 1 77
5 2 1 77
3 2 1 77
1 2 1 77
7 2 1 77
5 2 1 77
3 2 1 77
1 2 1 77
7 2 1 77
5 2 1 77
3 2 1 77
1 2 1 77
7 2 1 77
5 2 1 77
3 2 1 77
1 2 1 77
7 2 1 77
5 2 1 77
3 2 1 77
1 2 1 77
7 2 1 77
5 2 1 77
3 2 1 77
1 2 1 77
7 2 1 77
5 2 1 77
3 2 1 77
1 2 1 77
7 2 1 77
5 2 1 77
3 2 1 77
1 2 1 77
7 2 1 77
5 2 1 77
3 2 1 77
1 2 1 77
7 2 1 77
5 2 1 77
3 2 1 77
1 2 1 77
7 2 1 77
5 2 1 77
3 2 1 77
1 2 1 77
7 2 1 77
5 2 1 77
3 2 1 77
1 2 1 77
7 2 1 77
5 2 1 77
3 2 1 77
1 2 1 77
7 2 1 77
4 2 1 75
2 2 1 75
8 2 1 75
6 2 1 75
4 2 1 75
2 2 1 75
8 2 1 75
6 2 1 75
4 2 1 75
2 2 1 75
8 2 1 75
6 2 1 75
4 2 1 75
2 2 1 75
8 2 1 75
6 2 1 75
4 2 1 75
2 2 1 75
8 2 1 75
6 2 1 75
4 2 1 75
2 2 1 75
8 2 1 75
6 2 1 75
4 2 1 75
2 2 1 75
8 2 1 75
6 2 1 75
4 2 1 75
2 2 1 75
8 2 1 75
6 2 1 75
4 2 1 75
2 2 1 75
8 2 1 75
6 2 1 75
4 2 1 75
2 2 1 75
8 2 1 75
6 2 1 75
4 2 1 75
2 2 1 75
8 2 1 75
6 2 1 75
4 2 1 75
2 2 1 75
8 2 1 75
6 2 1 75
4 2 1 75
2 2 1 75
8 2 1 75
6 2 1 75
4 2 1 75
2 2 1 75
8 2 1 75
6 2 1 75
4 2 1 75
2 2 1 75
8 2 1 75
6 2 1 75
4 2 1 75
2 2 1 75
8 2 1 75
6 2 1 75
4 2 1 75
2 2 1 75
8 2 1 75
6 2 1 75
4 2 1 75
2 2 1 75
8 2 1 75
6 2 1 75
4 2 1 75
2 2 1 75
8 2 1 75
6 2 1 75
4 2 1 75
2 2 1 75
8 2 1 75
6 2 1 75
4 2 1 75
2 2 1 75
8 2 1 75
6 2 1 75
4 2 1 75
2 2 1 75
8 2 1 75
6 2 1 75
4 2 1 75
2 2 1 75
8 2 1 75
6 2 1 75
4 2 1 75
2 2 1 75
8 2 1 75
6 2 1 75
4 2 1 75
2 2 1 75
8 2 1 75
6 2 1 75
3 2 1 73
1 2 1 73
7 2 1 73
5 2 1 73
3 2 1 73
1 2 1 73
7 2 1 73
5 2 1 73
3 2 1 73
1 2 1 73
7 2 1 73
5 2 1 73
3 2 1 73
1 2 1 73
7 2 1 73
5 2 1 73
3 2 1 73
1 2 1 73
7 2 1 73
5 2 1 73
3 2 1 73
1 2 1 73
7 2 1 73
5 2 1 73
3 2 1 73
1 2 1 73
7 2 1 73
5 2 1 73
3 2 1 73
1 2 1 73
7 2 1 73
5 2 1 73
3 2 1 73
1 2 1 73
7 2 1 73
5 2 1 73
3 2 1 73
1 2 1 73
7 2 1 73
5 2 1 73
3 2 1 73
1 2 1 73
7 2 1 73
5 2 1 73
3 2 1 73
1 2 1 73
7 2 1 73
5 2 1 73
3 2 1 73
1 2 1 73
7 2 1 73
5 2 1 73
3 2 1 73
1 2 1 73
7 2 1 73
5 2 1 73
3 2 1 73
1 2 1 73
7 2 1 73
5 2 1 73
3 2 1 73
1 2 1 73
7 2 1 73
5 2 1 73
3 2 1 73
1 2 1 73
7 2 1 73
5 2 1 73
3 2 1 73
1 2 1 73
7 2 1 73
5 2 1 73
3 2 1 73
1 2 1 73
7 2 1 73
5 2 1 73
3 2 1 73
1 2 1 73
7 2 1 73
5 2 1 73
3 2 1 73
1 2 1 73
7 2 1 73
5 2 1 73
3 2 1 73
1 2 1 73
7 2 1 73
5 2 1 73
3 2 1 73
1 2 1 73
7 2 1 73
5 2 1 73
3 2 1 73
1 2 1 73
7 2 1 73
5 2 1 73
3 2 1 73
1 2 1 73
7 2 1 73
5 2 1 73
2 2 1 71
8 2 1 71
6 2 1 71
4 2 1 71
2 2 1 71
8 2 1 71
6 2 1 71
4 2 1 71
2 2 1 71
8 2 1 71
6 2 1 71
4 2 1 71
2 2 1 71
8 2 1 71
6 2 1 71
4 2 1 71
2 2 1 71
8 2 1 71
6 2 1 71
4 2 1 71
2 2 1 71
8 2 1 71
6 2 1 71
4 2 1 71
2 2 1 71
8 2 1 71
6 2 1 71
4 2 1 71
2 2 1 71
8 2 1 71
6 2 1 71
4 2 1 71
2 2 1 71
8 2 1 71
6 2 1 71
4 2 1 71
2 2 1 71
8 2 1 71
6 2 1 71
4 2 1 71
2 2 1 71
8 2 1 71
6 2 1 71
4 2 1 71
2 2 1 71
8 2 1 71
6 2 1 71
4 2 1 71
2 2 1 71
8 2 1 71
6 2 1 71
4 2 1 71
2 2 1 71
8 2 1 71
6 2 1 71
4 2 1 71
2 2 1 71
8 2 1 71
6 2 1 71
4 2 1 71
2 2 1 71
8 2 1 71
6 2 1 71
4 2 1 71
2 2 1 71
8 2 1 71
6 2 1 71
4 2 1 71
2 2 1 71
8 2 1 71
6 2 1 71
4 2 1 71
2 2 1 71
8 2 1 71
6 2 1 71
4 2 1 71
2 2 1 71
8 2 1 71
6 2 1 71
4 2 1 71
2 2 1 71
8 2 1 71
6 2 1 71
4 2 1 71
2 2 1 71
8 2 1 71
6 2 1 71
4 2 1 71
2 2 1 71
8 2 1 71
6 2 1 71
4 2 1 71
2 2 1 71
8 2 1 71
6 2 1 71
4 2 1 71
2 2 1 71
8 2 1 71
6 2 1 71
4 2 1 71
1 2 1 69
7 2 1 69
5 2 1 69
3 2 1 69
1 2 1 69
7 2 1 69
5 2 1 69
3 2 1 69
1 2 1 69
7 2 1 69
5 2 1 69
3 2 1 69
1 2 1 69
7 2 1 69
5 2 1 69
3 2 1 69
1 2 1 69
7 2 1 69
5 2 1 69
3 2 1 69
1 2 1 69
7 2 1 69
5 2 1 69
3 2 1 69
1 2 1 69
7 2 1 69
5 2 1 69
3 2 1 69
1 2 1 69
7 2 1 69
5 2 1 69
3 2 1 69
1 2 1 69
7 2 1 69
5 2 1 69
3 2 1 69
1 2 1 69
7 2 1 69
5 2 1 69
3 2 1 69
1 2 1 69
7 2 1 69
5 2 1 69
3 2 1 69
1 2 1 69
7 2 1 69
5 2 1 69
3 2 1 69
1 2 1 69
7 2 1 69
5 2 1 69
3 2 1 69
1 2 1 69
7 2 1 69
5 2 1 69
3 2 1 69
1 2 1 69
7 2 1 69
5 2 1 69
3 2 1 69
1 2 1 69
7 2 1 69
5 2 1 69
3 2 1 69
1 2 1 69
7 2 1 69
5 2 1 69
3 2 1 69
1 2 1 69
7 2 1 69
5 2 1 69
3 2 1 69
1 2 1 69
7 2 1 69
5 2 1 69
3 2 1 69
1 2 1 69
7 2 1 69
5 2 1 69
3 2 1 69
1 2 1 69
7 2 1 69
5 2 1 69
3 2 1 69
1 2 1 69
7 2 1 69
5 2 1 69
3 2 1 69
1 2 1 69
7 2 1 69
5 2 1 69
3 2 1 69
1 2 1 69
7 2 1 69
5 2 1 69
3 2 1 69
1 2 1 69
7 2 1 69
5 2 1 69
3 2 1 69
8 2 1 67
6 2 1 67
4 2 1 67
2 2 1 67
8 2 1 67
6 2 1 67
4 2 1 67
2 2 1 67
8 2 1 67
6 2 1 67
4 2 1 67
2 2 1 67
8 2 1 67
6 2 1 67
4 2 1 67
2 2 1 67
8 2 1 67
6 2 1 67
4 2 1 67
2 2 1 67
8 2 1 67
6 2 1 67
4 2 1 67
2 2 1 67
8 2 1 67
6 2 1 67
4 2 1 67
2 2 1 67
8 2 1 67
6 2 1 67
4 2 1 67
2 2 1 67
8 2 1 67
6 2 1 67
4 2 1 67
2 2 1 67
8 2 1 67
6 2 1 67
4 2 1 67
2 2 1 67
8 2 1 67
6 2 1 67
4 2 1 67
2 2 1 67
8 2 1 67
6 2 1 67
4 2 1 67
2 2 1 67
8 2 1 67
6 2 1 67
4 2 1 67
2 2 1 67
8 2 1 67
6 2 1 67
4 2 1 67
2 2 1 67
8 2 1 67
6 2 1 67
4 2 1 67
2 2 1 67
8 2 1 67
6 2 1 67
4 2 1 67
2 2 1 67
8 2 1 67
6 2 1 67
4 2 1 67
2 2 1 67
8 2 1 67
6 2 1 67
4 2 1 67
2 2 1 67
8 2 1 67
6 2 1 67
4 2 1 67
2 2 1 67
8 2 1 67
6 2 1 67
4 2 1 67
2 2 1 67
8 2 1 67
6 2 1 67
4 2 1 67
2 2 1 67
8 2 1 67
6 2 1 67
4 2 1 67
2 2 1 67
8 2 1 67
6 2 1 67
4 2 1 67
2 2 1 67
8 2 1 67
6 2 1 67
4 2 1 67
2 2 1 67
8 2 1 67
6 2 1 67
4 2 1 67
2 2 1 67
7 2 1 65
5 2 1 65
3 2 1 65
1 2 1 65
7 2 1 65
5 2 1 65
3 2 1 65
1 2 1 65
7 2 1 65
5 2 1 65
3 2 1 65
1 2 1 65
7 2 1 65
5 2 1 65
3 2 1 65
1 2 1 65
7 2 1 65
5 2 1 65
3 2 1 65
1 2 1 65
7 2 1 65
5 2 1 65
3 2 1 65
1 2 1 65
7 2 1 65
5 2 1 65
3 2 1 65
1 2 1 65
7 2 1 65
5 2 1 65
3 2 1 65
1 2 1 65
7 2 1 65
5 2 1 65
3 2 1 65
1 2 1 65
7 2 1 65
5 2 1 65
3 2 1 65
1 2 1 65
7 2 1 65
5 2 1 65
3 2 1 65
1 2 1 65
7 2 1 65
5 2 1 65
3 2 1 65
1 2 1 65
7 2 1 65
5 2 1 65
3 2 1 65
1 2 1 65
7 2 1 65
5 2 1 65
3 2 1 65
1 2 1 65
7 2 1 65
5 2 1 65
3 2 1 65
1 2 1 65
7 2 1 65
5 2 1 65
3 2 1 65
1 2 1 65
7 2 1 65
5 2 1 65
3 2 1 65
1 2 1 65
7 2 1 65
5 2 1 65
3 2 1 65
1 2 1 65
7 2 1 65
5 2 1 65
3 2 1 65
1 2 1 65
7 2 1 65
5 2 1 65
3 2 1 65
1 2 1 65
7 2 1 65
5 2 1 65
3 2 1 65
1 2 1 65
7 2 1 65
5 2 1 65
3 2 1 65
1 2 1 65
7 2 1 65
5 2 1 65
3 2 1 65
1 2 1 65
7 2 1 65
5 2 1 65
3 2 1 65
1 2 1 65
7 2 1 65
5 2 1 65
3 2 1 65
1 2 1 65
6 2 1 63
4 2 1 63
2 2 1 63
8 2 1 63
6 2 1 63
4 2 1 63
2 2 1 63
8 2 1 63
6 2 1 63
4 2 1 63
2 2 1 63
8 2 1 63
6 2 1 63
4 2 1 63
2 2 1 63
8 2 1 63
6 2 1 63
4 2 1 63
2 2 1 63
8 2 1 63
6 2 1 63
4 2 1 63
2 2 1 63
8 2 1 63
6 2 1 63
4 2 1 63
2 2 1 63
8 2 1 63
6 2 1 63
4 2 1 63
2 2 1 63
8 2 1 63
6 2 1 63
4 2 1 63
2 2 1 63
8 2 1 63
6 2 1 63
4 2 1 63
2 2 1 63
8 2 1 63
6 2 1 63
4 2 1 63
2 2 1 63
8 2 1 63
6 2 1 63
4 2 1 63
2 2 1 63
8 2 1 63
6 2 1 63
4 2 1 63
2 2 1 63
8 2 1 63
6 2 1 63
4 2 1 63
2 2 1 63
8 2 1 63
6 2 1 63
4 2 1 63
2 2 1 63
8 2 1 63
6 2 1 63
4 2 1 63
2 2 1 63
8 2 1 63
6 2 1 63
4 2 1 63
2 2 1 63
8 2 1 63
6 2 1 63
4 2 1 63
2 2 1 63
8 2 1 63
6 2 1 63
4 2 1 63
2 2 1 63
8 2 1 63
6 2 1 63
4 2 1 63
2 2 1 63
8 2 1 63
6 2 1 63
4 2 1 63
2 2 1 63
8 2 1 63
6 2 1 63
4 2 1 63
2 2 1 63
8 2 1 63
6 2 1 63
4 2 1 63
2 2 1 63
8 2 1 63
6 2 1 63
4 2 1 63
2 2 1 63
8 2 1 63
6 2 1 63
4 2 1 63
2 2 1 63
8 2 1 63
5 2 1 61
3 2 1 61
1 2 1 61
7 2 1 61
5 2 1 61
3 2 1 61
1 2 1 61
7 2 1 61
5 2 1 61
3 2 1 61
1 2 1 61
7 2 1 61
5 2 1 61
3 2 1 61
1 2 1 61
7 2 1 61
5 2 1 61
3 2 1 61
1 2 1 61
7 2 1 61
5 2 1 61
3 2 1 61
1 2 1 61
7 2 1 61
5 2 1 61
3 2 1 61
1 2 1 61
7 2 1 61
5 2 1 61
3 2 1 61
1 2 1 61
7 2 1 61
5 2 1 61
3 2 1 61
1 2 1 61
7 2 1 61
5 2 1 61
3 2 1 61
1 2 1 61
7 2 1 61
5 2 1 61
3 2 1 61
1 2 1 61
7 2 1 61
5 2 1 61
3 2 1 61
1 2 1 61
7 2 1 61
5 2 1 61
3 2 1 61
1 2 1 61
7 2 1 61
5 2 1 61
3 2 1 61
1 2 1 61
7 2 1 61
5 2 1 61
3 2 1 61
1 2 1 61
7 2 1 61
5 2 1 61
3 2 1 61
1 2 1 61
7 2 1 61
5 2 1 61
3 2 1 61
1 2 1 61
7 2 1 61
5 2 1 61
3 2 1 61
1 2 1 61
7 2 1 61
5 2 1 61
3 2 1 61
1 2 1 61
7 2 1 61
5 2 1 61
3 2 1 61
1 2 1 61
7 2 1 61
5 2 1 61
3 2 1 61
1 2 1 61
7 2 1 61
5 2 1 61
3 2 1 61
1 2 1 61
7 2 1 61
5 2 1 61
3 2 1 61
1 2 1 61
7 2 1 61
5 2 1 61
3 2 1 61
1 2 1 61
7 2 1 61
5 2 1 61
3 2 1 61
1 2 1 61
7 2 1 61
4 2 1 59
2 2 1 59
8 2 1 59
6 2 1 59
4 2 1 59
2 2 1 59
8 2 1 59
6 2 1 59
4 2 1 59
2 2 1 59
8 2 1 59
6 2 1 59
4 2 1 59
2 2 1 59
8 2 1 59
6 2 1 59
4 2 1 59
2 2 1 59
8 2 1 59
6 2 1 59
4 2 1 59
2 2 1 59
8 2 1 59
6 2 1 59
4 2 1 59
2 2 1 59
8 2 1 59
6 2 1 59
4 2 1 59
2 2 1 59
8 2 1 59
6 2 1 59
4 2 1 59
2 2 1 59
8 2 1 59
6 2 1 59
4 2 1 59
2 2 1 59
8 2 1 59
6 2 1 59
4 2 1 59
2 2 1 59
8 2 1 59
6 2 1 59
4 2 1 59
2 2 1 59
8 2 1 59
6 2 1 59
4 2 1 59
2 2 1 59
8 2 1 59
6 2 1 59
4 2 1 59
2 2 1 59
8 2 1 59
6 2 1 59
4 2 1 59
2 2 1 59
8 2 1 59
6 2 1 59
4 2 1 59
2 2 1 59
8 2 1 59
6 2 1 59
4 2 1 59
2 2 1 59
8 2 1 59
6 2 1 59
4 2 1 59
2 2 1 59
8 2 1 59
6 2 1 59
4 2 1 59
2 2 1 59
8 2 1 59
6 2 1 59
4 2 1 59
2 2 1 59
8 2 1 59
6 2 1 59
4 2 1 59
2 2 1 59
8 2 1 59
6 2 1 59
4 2 1 59
2 2 1 59
8 2 1 59
6 2 1 59
4 2 1 59
2 2 1 59
8 2 1 59
6 2 1 59
4 2 1 59
2 2 1 59
8 2 1 59
6 2 1 59
4 2 1 59
2 2 1 59
8 2 1 59
6 2 1 59
3 2 1 57
1 2 1 57
7 2 1 57
5 2 1 57
3 2 1 57
1 2 1 57
7 2 1 57
5 2 1 57
3 2 1 57
1 2 1 57
7 2 1 57
5 2 1 57
3 2 1 57
1 2 1 57
7 2 1 57
5 2 1 57
3 2 1 57
1 2 1 57
7 2 1 57
5 2 1 57
3 2 1 57
1 2 1 57
7 2 1 57
5 2 1 57
3 2 1 57
1 2 1 57
7 2 1 57
5 2 1 57
3 2 1 57
1 2 1 57
7 2 1 57
5 2 1 57
3 2 1 57
1 2 1 57
7 2 1 57
5 2 1 57
3 2 1 57
1 2 1 57
7 2 1 57
5 2 1 57
3 2 1 57
1 2 1 57
7 2 1 57
5 2 1 57
3 2 1 57
1 2 1 57
7 2 1 57
5 2 1 57
3 2 1 57
1 2 1 57
7 2 1 57
5 2 1 57
3 2 1 57
1 2 1 57
7 2 1 57
5 2 1 57
3 2 1 57
1 2 1 57
7 2 1 57
5 2 1 57
3 2 1 57
1 2 1 57
7 2 1 57
5 2 1 57
3 2 1 57
1 2 1 57
7 2 1 57
5 2 1 57
3 2 1 57
1 2 1 57
7 2 1 57
5 2 1 57
3 2 1 57
1 2 1 57
7 2 1 57
5 2 1 57
3 2 1 57
1 2 1 57
7 2 1 57
5 2 1 57
3 2 1 57
1 2 1 57
7 2 1 57
5 2 1 57
3 2 1 57
1 2 1 57
7 2 1 57
5 2 1 57
3 2 1 57
1 2 1 57
7 2 1 57
5 2 1 57
3 2 1 57
1 2 1 57
7 2 1 57
5 2 1 57
3 2 1 57
1 2 1 57
7 2 1 57
5 2 1 57
2 2 1 55
8 2 1 55
6 2 1 55
4 2 1 55
2 2 1 55
8 2 1 55
6 2 1 55
4 2 1 55
2 2 1 55
8 2 1 55
6 2 1 55
4 2 1 55
2 2 1 55
8 2 1 55
6 2 1 55
4 2 1 55
2 2 1 55
8 2 1 55
6 2 1 55
4 2 1 55
2 2 1 55
8 2 1 55
6 2 1 55
4 2 1 55
2 2 1 55
8 2 1 55
6 2 1 55
4 2 1 55
2 2 1 55
8 2 1 55
6 2 1 55
4 2 1 55
2 2 1 55
8 2 1 55
6 2 1 55
4 2 1 55
2 2 1 55
8 2 1 55
6 2 1 55
4 2 1 55
2 2 1 55
8 2 1 55
6 2 1 55
4 2 1 55
2 2 1 55
8 2 1 55
6 2 1 55
4 2 1 55
2 2 1 55
8 2 1 55
6 2 1 55
4 2 1 55
2 2 1 55
8 2 1 55
6 2 1 55
4 2 1 55
2 2 1 55
8 2 1 55
6 2 1 55
4 2 1 55
2 2 1 55
8 2 1 55
6 2 1 55
4 2 1 55
2 2 1 55
8 2 1 55
6 2 1 55
4 2 1 55
2 2 1 55
8 2 1 55
6 2 1 55
4 2 1 55
2 2 1 55
8 2 1 55
6 2 1 55
4 2 1 55
2 2 1 55
8 2 1 55
6 2 1 55
4 2 1 55
2 2 1 55
8 2 1 55
6 2 1 55
4 2 1 55
2 2 1 55
8 2 1 55
6 2 1 55
4 2 1 55
2 2 1 55
8 2 1 55
6 2 1 55
4 2 1 55
2 2 1 55
8 2 1 55
6 2 1 55
4 2 1 55
2 2 1 55
8 2 1 55
6 2 1 55
4 2 1 55
1 2 1 53
7 2 1 53
5 2 1 53
3 2 1 53
1 2 1 53
7 2 1 53
5 2 1 53
3 2 1 53
1 2 1 53
7 2 1 53
5 2 1 53
3 2 1 53
1 2 1 53
7 2 1 53
5 2 1 53
3 2 1 53
1 2 1 53
7 2 1 53
5 2 1 53
3 2 1 53
1 2 1 53
7 2 1 53
5 2 1 53
3 2 1 53
1 2 1 53
7 2 1 53
5 2 1 53
3 2 1 53
1 2 1 53
7 2 1 53
5 2 1 53
3 2 1 53
1 2 1 53
7 2 1 53
5 2 1 53
3 2 1 53
1 2 1 53
7 2 1 53
5 2 1 53
3 2 1 53
1 2 1 53
7 2 1 53
5 2 1 53
3 2 1 53
1 2 1 53
7 2 1 53
5 2 1 53
3 2 1 53
1 2 1 53
7 2 1 53
5 2 1 53
3 2 1 53
1 2 1 53
7 2 1 53
5 2 1 53
3 2 1 53
1 2 1 53
7 2 1 53
5 2 1 53
3 2 1 53
1 2 1 53
7 2 1 53
5 2 1 53
3 2 1 53
1 2 1 53
7 2 1 53
5 2 1 53
3 2 1 53
1 2 1 53
7 2 1 53
5 2 1 53
3 2 1 53
1 2 1 53
7 2 1 53
5 2 1 53
3 2 1 53
1 2 1 53
7 2 1 53
5 2 1 53
3 2 1 53
1 2 1 53
7 2 1 53
5 2 1 53
3 2 1 53
1 2 1 53
7 2 1 53
5 2 1 53
3 2 1 53
1 2 1 53
7 2 1 53
5 2 1 53
3 2 1 53
1 2 1 53
7 2 1 53
5 2 1 53
3 2 1 53
1 2 1 53
7 2 1 53
5 2 1 53
3 2 1 53
8 2 1 51
6 2 1 51
4 2 1 51
2 2 1 51
8 2 1 51
6 2 1 51
4 2 1 51
2 2 1 51
8 2 1 51
6 2 1 51
4 2 1 51
2 2 1 51
8 2 1 51
6 2 1 51
4 2 1 51
2 2 1 51
8 2 1 51
6 2 1 51
4 2 1 51
2 2 1 51
8 2 1 51
6 2 1 51
4 2 1 51
2 2 1 51
8 2 1 51
6 2 1 51
4 2 1 51
2 2 1 51
8 2 1 51
6 2 1 51
4 2 1 51
2 2 1 51
8 2 1 51
6 2 1 51
4 2 1 51
2 2 1 51
8 2 1 51
6 2 1 51
4 2 1 51
2 2 1 51
8 2 1 51
6 2 1 51
4 2 1 51
2 2 1 51
8 2 1 51
6 2 1 51
4 2 1 51
2 2 1 51
8 2 1 51
6 2 1 51
4 2 1 51
2 2 1 51
8 2 1 51
6 2 1 51
4 2 1 51
2 2 1 51
8 2 1 51
6 2 1 51
4 2 1 51
2 2 1 51
8 2 1 51
6 2 1 51
4 2 1 51
2 2 1 51
8 2 1 51
6 2 1 51
4 2 1 51
2 2 1 51
8 2 1 51
6 2 1 51
4 2 1 51
2 2 1 51
8 2 1 51
6 2 1 51
4 2 1 51
2 2 1 51
8 2 1 51
6 2 1 51
4 2 1 51
2 2 1 51
8 2 1 51
6 2 1 51
4 2 1 51
2 2 1 51
8 2 1 51
6 2 1 51
4 2 1 51
2 2 1 51
8 2 1 51
6 2 1 51
4 2 1 51
2 2 1 51
8 2 1 51
6 2 1 51
4 2 1 51
2 2 1 51
8 2 1 51
6 2 1 51
4 2 1 51
2 2 1 51
7 2 1 49
5 2 1 49
3 2 1 49
1 2 1 49
7 2 1 49
5 2 1 49
3 2 1 49
1 2 1 49
7 2 1 49
5 2 1 49
3 2 1 49
1 2 1 49
7 2 1 49
5 2 1 49
3 2 1 49
1 2 1 49
7 2 1 49
5 2 1 49
3 2 1 49
1 2 1 49
7 2 1 49
5 2 1 49
3 2 1 49
1 2 1 49
7 2 1 49
5 2 1 49
3 2 1 49
1 2 1 49
7 2 1 49
5 2 1 49
3 2 1 49
1 2 1 49
7 2 1 49
5 2 1 49
3 2 1 49
1 2 1 49
7 2 1 49
5 2 1 49
3 2 1 49
1 2 1 49
7 2 1 49
5 2 1 49
3 2 1 49
1 2 1 49
7 2 1 49
5 2 1 49
3 2 1 49
1 2 1 49
7 2 1 49
5 2 1 49
3 2 1 49
1 2 1 49
7 2 1 49
5 2 1 49
3 2 1 49
1 2 1 49
7 2 1 49
5 2 1 49
3 2 1 49
1 2 1 49
7 2 1 49
5 2 1 49
3 2 1 49
1 2 1 49
7 2 1 49
5 2 1 49
3 2 1 49
1 2 1 49
7 2 1 49
5 2 1 49
3 2 1 49
1 2 1 49
7 2 1 49
5 2 1 49
3 2 1 49
1 2 1 49
7 2 1 49
5 2 1 49
3 2 1 49
1 2 1 49
7 2 1 49
5 2 1 49
3 2 1 49
1 2 1 49
7 2 1 49
5 2 1 49
3 2 1 49
1 2 1 49
7 2 1 49
5 2 1 49
3 2 1 49
1 2 1 49
7 2 1 49
5 2 1 49
3 2 1 49
1 2 1 49
7 2 1 49
5 2 1 49
3 2 1 49
1 2 1 49
6 2 1 47
4 2 1 47
2 2 1 47
8 2 1 47
6 2 1 47
4 2 1 47
2 2 1 47
8 2 1 47
6 2 1 47
4 2 1 47
2 2 1 47
8 2 1 47
6 2 1 47
4 2 1 47
2 2 1 47
8 2 1 47
6 2 1 47
4 2 1 47
2 2 1 47
8 2 1 47
6 2 1 47
4 2 1 47
2 2 1 47
8 2 1 47
6 2 1 47
4 2 1 47
2 2 1 47
8 2 1 47
6 2 1 47
4 2 1 47
2 2 1 47
8 2 1 47
6 2 1 47
4 2 1 47
2 2 1 47
8 2 1 47
6 2 1 47
4 2 1 47
2 2 1 47
8 2 1 47
6 2 1 47
4 2 1 47
2 2 1 47
8 2 1 47
6 2 1 47
4 2 1 47
2 2 1 47
8 2 1 47
6 2 1 47
4 2 1 47
2 2 1 47
8 2 1 47
6 2 1 47
4 2 1 47
2 2 1 47
8 2 1 47
6 2 1 47
4 2 1 47
2 2 1 47
8 2 1 47
6 2 1 47
4 2 1 47
2 2 1 47
8 2 1 47
6 2 1 47
4 2 1 47
2 2 1 47
8 2 1 47
6 2 1 47
4 2 1 47
2 2 1 47
8 2 1 47
6 2 1 47
4 2 1 47
2 2 1 47
8 2 1 47
6 2 1 47
4 2 1 47
2 2 1 47
8 2 1 47
6 2 1 47
4 2 1 47
2 2 1 47
8 2 1 47
6 2 1 47
4 2 1 47
2 2 1 47
8 2 1 47
6 2 1 47
4 2 1 47
2 2 1 47
8 2 1 47
6 2 1 47
4 2 1 47
2 2 1 47
8 2 1 47
6 2 1 47
4 2 1 47
2 2 1 47
8 2 1 47
5 2 1 45
3 2 1 45
1 2 1 45
7 2 1 45
5 2 1 45
3 2 1 45
1 2 1 45
7 2 1 45
5 2 1 45
3 2 1 45
1 2 1 45
7 2 1 45
5 2 1 45
3 2 1 45
1 2 1 45
7 2 1 45
5 2 1 45
3 2 1 45
1 2 1 45
7 2 1 45
5 2 1 45
3 2 1 45
1 2 1 45
7 2 1 45
5 2 1 45
3 2 1 45
1 2 1 45
7 2 1 45
5 2 1 45
3 2 1 45
1 2 1 45
7 2 1 45
5 2 1 45
3 2 1 45
1 2 1 45
7 2 1 45
5 2 1 45
3 2 1 45
1 2 1 45
7 2 1 45
5 2 1 45
3 2 1 45
1 2 1 45
7 2 1 45
5 2 1 45
3 2 1 45
1 2 1 45
7 2 1 45
5 2 1 45
3 2 1 45
1 2 1 45
7 2 1 45
5 2 1 45
3 2 1 45
1 2 1 45
7 2 1 45
5 2 1 45
3 2 1 45
1 2 1 45
7 2 1 45
5 2 1 45
3 2 1 45
1 2 1 45
7 2 1 45
5 2 1 45
3 2 1 45
1 2 1 45
7 2 1 45
5 2 1 45
3 2 1 45
1 2 1 45
7 2 1 45
5 2 1 45
3 2 1 45
1 2 1 45
7 2 1 45
5 2 1 45
3 2 1 45
1 2 1 45
7 2 1 45
5 2 1 45
3 2 1 45
1 2 1 45
7 2 1 45
5 2 1 45
3 2 1 45
1 2 1 45
7 2 1 45
5 2 1 45
3 2 1 45
1 2 1 45
7 2 1 45
5 2 1 45
3 2 1 45
1 2 1 45
7 2 1 45
5 2 1 45
3 2 1 45
1 2 1 45
7 2 1 45
4 2 1 43
2 2 1 43
8 2 1 43
6 2 1 43
4 2 1 43
2 2 1 43
8 2 1 43
6 2 1 43
4 2 1 43
2 2 1 43
8 2 1 43
6 2 1 43
4 2 1 43
2 2 1 43
8 2 1 43
6 2 1 43
4 2 1 43
2 2 1 43
8 2 1 43
6 2 1 43
4 2 1 43
2 2 1 43
8 2 1 43
6 2 1 43
4 2 1 43
2 2 1 43
8 2 1 43
6 2 1 43
4 2 1 43
2 2 1 43
8 2 1 43
6 2 1 43
4 2 1 43
2 2 1 43
8 2 1 43
6 2 1 43
4 2 1 43
2 2 1 43
8 2 1 43
6 2 1 43
4 2 1 43
2 2 1 43
8 2 1 43
6 2 1 43
4 2 1 43
2 2 1 43
8 2 1 43
6 2 1 43
4 2 1 43
2 2 1 43
8 2 1 43
6 2 1 43
4 2 1 43
2 2 1 43
8 2 1 43
6 2 1 43
4 2 1 43
2 2 1 43
8 2 1 43
6 2 1 43
4 2 1 43
2 2 1 43
8 2 1 43
6 2 1 43
4 2 1 43
2 2 1 43
8 2 1 43
6 2 1 43
4 2 1 43
2 2 1 43
8 2 1 43
6 2 1 43
4 2 1 43
2 2 1 43
8 2 1 43
6 2 1 43
4 2 1 43
2 2 1 43
8 2 1 43
6 2 1 43
4 2 1 43
2 2 1 43
8 2 1 43
6 2 1 43
4 2 1 43
2 2 1 43
8 2 1 43
6 2 1 43
4 2 1 43
2 2 1 43
8 2 1 43
6 2 1 43
4 2 1 43
2 2 1 43
8 2 1 43
6 2 1 43
4 2 1 43
2 2 1 43
8 2 1 43
6 2 1 43
3 2 1 41
1 2 1 41
7 2 1 41
5 2 1 41
3 2 1 41
1 2 1 41
7 2 1 41
5 2 1 41
3 2 1 41
1 2 1 41
7 2 1 41
5 2 1 41
3 2 1 41
1 2 1 41
7 2 1 41
5 2 1 41
3 2 1 41
1 2 1 41
7 2 1 41
5 2 1 41
3 2 1 41
1 2 1 41
7 2 1 41
5 2 1 41
3 2 1 41
1 2 1 41
7 2 1 41
5 2 1 41
3 2 1 41
1 2 1 41
7 2 1 41
5 2 1 41
3 2 1 41
1 2 1 41
7 2 1 41
5 2 1 41
3 2 1 41
1 2 1 41
7 2 1 41
5 2 1 41
3 2 1 41
1 2 1 41
7 2 1 41
5 2 1 41
3 2 1 41
1 2 1 41
7 2 1 41
5 2 1 41
3 2 1 41
1 2 1 41
7 2 1 41
5 2 1 41
3 2 1 41
1 2 1 41
7 2 1 41
5 2 1 41
3 2 1 41
1 2 1 41
7 2 1 41
5 2 1 41
3 2 1 41
1 2 1 41
7 2 1 41
5 2 1 41
3 2 1 41
1 2 1 41
7 2 1 41
5 2 1 41
3 2 1 41
1 2 1 41
7 2 1 41
5 2 1 41
3 2 1 41
1 2 1 41
7 2 1 41
5 2 1 41
3 2 1 41
1 2 1 41
7 2 1 41
5 2 1 41
3 2 1 41
1 2 1 41
7 2 1 41
5 2 1 41
3 2 1 41
1 2 1 41
7 2 1 41
5 2 1 41
3 2 1 41
1 2 1 41
7 2 1 41
5 2 1 41
3 2 1 41
1 2 1 41
7 2 1 41
5 2 1 41
3 2 1 41
1 2 1 41
7 2 1 41
5 2 1 41
2 2 1 39
8 2 1 39
6 2 1 39
4 2 1 39
2 2 1 39
8 2 1 39
6 2 1 39
4 2 1 39
2 2 1 39
8 2 1 39
6 2 1 39
4 2 1 39
2 2 1 39
8 2 1 39
6 2 1 39
4 2 1 39
2 2 1 39
8 2 1 39
6 2 1 39
4 2 1 39
2 2 1 39
8 2 1 39
6 2 1 39
4 2 1 39
2 2 1 39
8 2 1 39
6 2 1 39
4 2 1 39
2 2 1 39
8 2 1 39
6 2 1 39
4 2 1 39
2 2 1 39
8 2 1 39
6 2 1 39
4 2 1 39
2 2 1 39
8 2 1 39
6 2 1 39
4 2 1 39
2 2 1 39
8 2 1 39
6 2 1 39
4 2 1 39
2 2 1 39
8 2 1 39
6 2 1 39
4 2 1 39
2 2 1 39
8 2 1 39
6 2 1 39
4 2 1 39
2 2 1 39
8 2 1 39
6 2 1 39
4 2 1 39
2 2 1 39
8 2 1 39
6 2 1 39
4 2 1 39
2 2 1 39
8 2 1 39
6 2 1 39
4 2 1 39
2 2 1 39
8 2 1 39
6 2 1 39
4 2 1 39
2 2 1 39
8 2 1 39
6 2 1 39
4 2 1 39
2 2 1 39
8 2 1 39
6 2 1 39
4 2 1 39
2 2 1 39
8 2 1 39
6 2 1 39
4 2 1 39
2 2 1 39
8 2 1 39
6 2 1 39
4 2 1 39
2 2 1 39
8 2 1 39
6 2 1 39
4 2 1 39
2 2 1 39
8 2 1 39
6 2 1 39
4 2 1 39
2 2 1 39
8 2 1 39
6 2 1 39
4 2 1 39
2 2 1 39
8 2 1 39
6 2 1 39
4 2 1 39
1 2 1 37
7 2 1 37
5 2 1 37
3 2 1 37
1 2 1 37
7 2 1 37
5 2 1 37
3 2 1 37
1 2 1 37
7 2 1 37
5 2 1 37
3 2 1 37
1 2 1 37
7 2 1 37
5 2 1 37
3 2 1 37
1 2 1 37
7 2 1 37
5 2 1 37
3 2 1 37
1 2 1 37
7 2 1 37
5 2 1 37
3 2 1 37
1 2 1 37
7 2 1 37
5 2 1 37
3 2 1 37
1 2 1 37
7 2 1 37
5 2 1 37
3 2 1 37
1 2 1 37
7 2 1 37
5 2 1 37
3 2 1 37
1 2 1 37
7 2 1 37
5 2 1 37
3 2 1 37
1 2 1 37
7 2 1 37
5 2 1 37
3 2 1 37
1 2 1 37
7 2 1 37
5 2 1 37
3 2 1 37
1 2 1 37
7 2 1 37
5 2 1 37
3 2 1 37
1 2 1 37
7 2 1 37
5 2 1 37
3 2 1 37
1 2 1 37
7 2 1 37
5 2 1 37
3 2 1 37
1 2 1 37
7 2 1 37
5 2 1 37
3 2 1 37
1 2 1 37
7 2 1 37
5 2 1 37
3 2 1 37
1 2 1 37
7 2 1 37
5 2 1 37
3 2 1 37
1 2 1 37
7 2 1 37
5 2 1 37
3 2 1 37
1 2 1 37
7 2 1 37
5 2 1 37
3 2 1 37
1 2 1 37
7 2 1 37
5 2 1 37
3 2 1 37
1 2 1 37
7 2 1 37
5 2 1 37
3 2 1 37
1 2 1 37
7 2 1 37
5 2 1 37
3 2 1 37
1 2 1 37
7 2 1 37
5 2 1 37
3 2 1 37
1 2 1 37
7 2 1 37
5 2 1 37
3 2 1 37
8 2 1 35
6 2 1 35
4 2 1 35
2 2 1 35
8 2 1 35
6 2 1 35
4 2 1 35
2 2 1 35
8 2 1 35
6 2 1 35
4 2 1 35
2 2 1 35
8 2 1 35
6 2 1 35
4 2 1 35
2 2 1 35
8 2 1 35
6 2 1 35
4 2 1 35
2 2 1 35
8 2 1 35
6 2 1 35
4 2 1 35
2 2 1 35
8 2 1 35
6 2 1 35
4 2 1 35
2 2 1 35
8 2 1 35
6 2 1 35
4 2 1 35
2 2 1 35
8 2 1 35
6 2 1 35
4 2 1 35
2 2 1 35
8 2 1 35
6 2 1 35
4 2 1 35
2 2 1 35
8 2 1 35
6 2 1 35
4 2 1 35
2 2 1 35
8 2 1 35
6 2 1 35
4 2 1 35
2 2 1 35
8 2 1 35
6 2 1 35
4 2 1 35
2 2 1 35
8 2 1 35
6 2 1 35
4 2 1 35
2 2 1 35
8 2 1 35
6 2 1 35
4 2 1 35
2 2 1 35
8 2 1 35
6 2 1 35
4 2 1 35
2 2 1 35
8 2 1 35
6 2 1 35
4 2 1 35
2 2 1 35
8 2 1 35
6 2 1 35
4 2 1 35
2 2 1 35
8 2 1 35
6 2 1 35
4 2 1 35
2 2 1 35
8 2 1 35
6 2 1 35
4 2 1 35
2 2 1 35
8 2 1 35
6 2 1 35
4 2 1 35
2 2 1 35
8 2 1 35
6 2 1 35
4 2 1 35
2 2 1 35
8 2 1 35
6 2 1 35
4 2 1 35
2 2 1 35
8 2 1 35
6 2 1 35
4 2 1 35
2 2 1 35
8 2 1 35
6 2 1 35
4 2 1 35
2 2 1 35
7 2 1 33
5 2 1 33
3 2 1 33
1 2 1 33
7 2 1 33
5 2 1 33
3 2 1 33
1 2 1 33
7 2 1 33
5 2 1 33
3 2 1 33
1 2 1 33
7 2 1 33
5 2 1 33
3 2 1 33
1 2 1 33
7 2 1 33
5 2 1 33
3 2 1 33
1 2 1 33
7 2 1 33
5 2 1 33
3 2 1 33
1 2 1 33
7 2 1 33
5 2 1 33
3 2 1 33
1 2 1 33
7 2 1 33
5 2 1 33
3 2 1 33
1 2 1 33
7 2 1 33
5 2 1 33
3 2 1 33
1 2 1 33
7 2 1 33
5 2 1 33
3 2 1 33
1 2 1 33
7 2 1 33
5 2 1 33
3 2 1 33
1 2 1 33
7 2 1 33
5 2 1 33
3 2 1 33
1 2 1 33
7 2 1 33
5 2 1 33
3 2 1 33
1 2 1 33
7 2 1 33
5 2 1 33
3 2 1 33
1 2 1 33
7 2 1 33
5 2 1 33
3 2 1 33
1 2 1 33
7 2 1 33
5 2 1 33
3 2 1 33
1 2 1 33
7 2 1 33
5 2 1 33
3 2 1 33
1 2 1 33
7 2 1 33
5 2 1 33
3 2 1 33
1 2 1 33
7 2 1 33
5 2 1 33
3 2 1 33
1 2 1 33
7 2 1 33
5 2 1 33
3 2 1 33
1 2 1 33
7 2 1 33
5 2 1 33
3 2 1 33
1 2 1 33
7 2 1 33
5 2 1 33
3 2 1 33
1 2 1 33
7 2 1 33
5 2 1 33
3 2 1 33
1 2 1 33
7 2 1 33
5 2 1 33
3 2 1 33
1 2 1 33
7 2 1 33
5 2 1 33
3 2 1 33
1 2 1 33
6 2 1 31
4 2 1 31
2 2 1 31
8 2 1 31
6 2 1 31
4 2 1 31
2 2 1 31
8 2 1 31
6 2 1 31
4 2 1 31
2 2 1 31
8 2 1 31
6 2 1 31
4 2 1 31
2 2 1 31
8 2 1 31
6 2 1 31
4 2 1 31
2 2 1 31
8 2 1 31
6 2 1 31
4 2 1 31
2 2 1 31
8 2 1 31
6 2 1 31
4 2 1 31
2 2 1 31
8 2 1 31
6 2 1 31
4 2 1 31
2 2 1 31
8 2 1 31
6 2 1 31
4 2 1 31
2 2 1 31
8 2 1 31
6 2 1 31
4 2 1 31
2 2 1 31
8 2 1 31
6 2 1 31
4 2 1 31
2 2 1 31
8 2 1 31
6 2 1 31
4 2 1 31
2 2 1 31
8 2 1 31
6 2 1 31
4 2 1 31
2 2 1 31
8 2 1 31
6 2 1 31
4 2 1 31
2 2 1 31
8 2 1 31
6 2 1 31
4 2 1 31
2 2 1 31
8 2 1 31
6 2 1 31
4 2 1 31
2 2 1 31
8 2 1 31
6 2 1 31
4 2 1 31
2 2 1 31
8 2 1 31
6 2 1 31
4 2 1 31
2 2 1 31
8 2 1 31
6 2 1 31
4 2 1 31
2 2 1 31
8 2 1 31
6 2 1 31
4 2 1 31
2 2 1 31
8 2 1 31
6 2 1 31
4 2 1 31
2 2 1 31
8 2 1 31
6 2 1 31
4 2 1 31
2 2 1 31
8 2 1 31
6 2 1 31
4 2 1 31
2 2 1 31
8 2 1 31
6 2 1 31
4 2 1 31
2 2 1 31
8 2 1 31
6 2 1 31
4 2 1 31
2 2 1 31
8 2 1 31
5 2 1 29
3 2 1 29
1 2 1 29
7 2 1 29
5 2 1 29
3 2 1 29
1 2 1 29
7 2 1 29
5 2 1 29
3 2 1 29
1 2 1 29
7 2 1 29
5 2 1 29
3 2 1 29
1 2 1 29
7 2 1 29
5 2 1 29
3 2 1 29
1 2 1 29
7 2 1 29
5 2 1 29
3 2 1 29
1 2 1 29
7 2 1 29
5 2 1 29
3 2 1 29
1 2 1 29
7 2 1 29
5 2 1 29
3 2 1 29
1 2 1 29
7 2 1 29
5 2 1 29
3 2 1 29
1 2 1 29
7 2 1 29
5 2 1 29
3 2 1 29
1 2 1 29
7 2 1 29
5 2 1 29
3 2 1 29
1 2 1 29
7 2 1 29
5 2 1 29
3 2 1 29
1 2 1 29
7 2 1 29
5 2 1 29
3 2 1 29
1 2 1 29
7 2 1 29
5 2 1 29
3 2 1 29
1 2 1 29
7 2 1 29
5 2 1 29
3 2 1 29
1 2 1 29
7 2 1 29
5 2 1 29
3 2 1 29
1 2 1 29
7 2 1 29
5 2 1 29
3 2 1 29
1 2 1 29
7 2 1 29
5 2 1 29
3 2 1 29
1 2 1 29
7 2 1 29
5 2 1 29
3 2 1 29
1 2 1 29
7 2 1 29
5 2 1 29
3 2 1 29
1 2 1 29
7 2 1 29
5 2 1 29
3 2 1 29
1 2 1 29
7 2 1 29
5 2 1 29
3 2 1 29
1 2 1 29
7 2 1 29
5 2 1 29
3 2 1 29
1 2 1 29
7 2 1 29
5 2 1 29
3 2 1 29
1 2 1 29
7 2 1 29
5 2 1 29
3 2 1 29
1 2 1 29
7 2 1 29
4 2 1 27
2 2 1 27
8 2 1 27
6 2 1 27
4 2 1 27
2 2 1 27
8 2 1 27
6 2 1 27
4 2 1 27
2 2 1 27
8 2 1 27
6 2 1 27
4 2 1 27
2 2 1 27
8 2 1 27
6 2 1 27
4 2 1 27
2 2 1 27
8 2 1 27
6 2 1 27
4 2 1 27
2 2 1 27
8 2 1 27
6 2 1 27
4 2 1 27
2 2 1 27
8 2 1 27
6 2 1 27
4 2 1 27
2 2 1 27
8 2 1 27
6 2 1 27
4 2 1 27
2 2 1 27
8 2 1 27
6 2 1 27
4 2 1 27
2 2 1 27
8 2 1 27
6 2 1 27
4 2 1 27
2 2 1 27
8 2 1 27
6 2 1 27
4 2 1 27
2 2 1 27
8 2 1 27
6 2 1 27
4 2 1 27
2 2 1 27
8 2 1 27
6 2 1 27
4 2 1 27
2 2 1 27
8 2 1 27
6 2 1 27
4 2 1 27
2 2 1 27
8 2 1 27
6 2 1 27
4 2 1 27
2 2 1 27
8 2 1 27
6 2 1 27
4 2 1 27
2 2 1 27
8 2 1 27
6 2 1 27
4 2 1 27
2 2 1 27
8 2 1 27
6 2 1 27
4 2 1 27
2 2 1 27
8 2 1 27
6 2 1 27
4 2 1 27
2 2 1 27
8 2 1 27
6 2 1 27
4 2 1 27
2 2 1 27
8 2 1 27
6 2 1 27
4 2 1 27
2 2 1 27
8 2 1 27
6 2 1 27
4 2 1 27
2 2 1 27
8 2 1 27
6 2 1 27
4 2 1 27
2 2 1 27
8 2 1 27
6 2 1 27
4 2 1 27
2 2 1 27
8 2 1 27
6 2 1 27
3 2 1 25
1 2 1 25
7 2 1 25
5 2 1 25
3 2 1 25
1 2 1 25
7 2 1 25
5 2 1 25
3 2 1 25
1 2 1 25
7 2 1 25
5 2 1 25
3 2 1 25
1 2 1 25
7 2 1 25
5 2 1 25
3 2 1 25
1 2 1 25
7 2 1 25
5 2 1 25
3 2 1 25
1 2 1 25
7 2 1 25
5 2 1 25
3 2 1 25
1 2 1 25
7 2 1 25
5 2 1 25
3 2 1 25
1 2 1 25
7 2 1 25
5 2 1 25
3 2 1 25
1 2 1 25
7 2 1 25
5 2 1 25
3 2 1 25
1 2 1 25
7 2 1 25
5 2 1 25
3 2 1 25
1 2 1 25
7 2 1 25
5 2 1 25
3 2 1 25
1 2 1 25
7 2 1 25
5 2 1 25
3 2 1 25
1 2 1 25
7 2 1 25
5 2 1 25
3 2 1 25
1 2 1 25
7 2 1 25
5 2 1 25
3 2 1 25
1 2 1 25
7 2 1 25
5 2 1 25
3 2 1 25
1 2 1 25
7 2 1 25
5 2 1 25
3 2 1 25
1 2 1 25
7 2 1 25
5 2 1 25
3 2 1 25
1 2 1 25
7 2 1 25
5 2 1 25
3 2 1 25
1 2 1 25
7 2 1 25
5 2 1 25
3 2 1 25
1 2 1 25
7 2 1 25
5 2 1 25
3 2 1 25
1 2 1 25
7 2 1 25
5 2 1 25
3 2 1 25
1 2 1 25
7 2 1 25
5 2 1 25
3 2 1 25
1 2 1 25
7 2 1 25
5 2 1 25
3 2 1 25
1 2 1 25
7 2 1 25
5 2 1 25
3 2 1 25
1 2 1 25
7 2 1 25
5 2 1 25
2 2 1 23
8 2 1 23
6 2 1 23
4 2 1 23
2 2 1 23
8 2 1 23
6 2 1 23
4 2 1 23
2 2 1 23
8 2 1 23
6 2 1 23
4 2 1 23
2 2 1 23
8 2 1 23
6 2 1 23
4 2 1 23
2 2 1 23
8 2 1 23
6 2 1 23
4 2 1 23
2 2 1 23
8 2 1 23
6 2 1 23
4 2 1 23
2 2 1 23
8 2 1 23
6 2 1 23
4 2 1 23
2 2 1 23
8 2 1 23
6 2 1 23
4 2 1 23
2 2 1 23
8 2 1 23
6 2 1 23
4 2 1 23
2 2 1 23
8 2 1 23
6 2 1 23
4 2 1 23
2 2 1 23
8 2 1 23
6 2 1 23
4 2 1 23
2 2 1 23
8 2 1 23
6 2 1 23
4 2 1 23
2 2 1 23
8 2 1 23
6 2 1 23
4 2 1 23
2 2 1 23
8 2 1 23
6 2 1 23
4 2 1 23
2 2 1 23
8 2 1 23
6 2 1 23
4 2 1 23
2 2 1 23
8 2 1 23
6 2 1 23
4 2 1 23
2 2 1 23
8 2 1 23
6 2 1 23
4 2 1 23
2 2 1 23
8 2 1 23
6 2 1 23
4 2 1 23
2 2 1 23
8 2 1 23
6 2 1 23
4 2 1 23
2 2 1 23
8 2 1 23
6 2 1 23
4 2 1 23
2 2 1 23
8 2 1 23
6 2 1 23
4 2 1 23
2 2 1 23
8 2 1 23
6 2 1 23
4 2 1 23
2 2 1 23
8 2 1 23
6 2 1 23
4 2 1 23
2 2 1 23
8 2 1 23
6 2 1 23
4 2 1 23
2 2 1 23
8 2 1 23
6 2 1 23
4 2 1 23
1 2 1 21
7 2 1 21
5 2 1 21
3 2 1 21
1 2 1 21
7 2 1 21
5 2 1 21
3 2 1 21
1 2 1 21
7 2 1 21
5 2 1 21
3 2 1 21
1 2 1 21
7 2 1 21
5 2 1 21
3 2 1 21
1 2 1 21
7 2 1 21
5 2 1 21
3 2 1 21
1 2 1 21
7 2 1 21
5 2 1 21
3 2 1 21
1 2 1 21
7 2 1 21
5 2 1 21
3 2 1 21
1 2 1 21
7 2 1 21
5 2 1 21
3 2 1 21
1 2 1 21
7 2 1 21
5 2 1 21
3 2 1 21
1 2 1 21
7 2 1 21
5 2 1 21
3 2 1 21
1 2 1 21
7 2 1 21
5 2 1 21
3 2 1 21
1 2 1 21
7 2 1 21
5 2 1 21
3 2 1 21
1 2 1 21
7 2 1 21
5 2 1 21
3 2 1 21
1 2 1 21
7 2 1 21
5 2 1 21
3 2 1 21
1 2 1 21
7 2 1 21
5 2 1 21
3 2 1 21
1 2 1 21
7 2 1 21
5 2 1 21
3 2 1 21
1 2 1 21
7 2 1 21
5 2 1 21
3 2 1 21
1 2 1 21
7 2 1 21
5 2 1 21
3 2 1 21
1 2 1 21
7 2 1 21
5 2 1 21
3 2 1 21
1 2 1 21
7 2 1 21
5 2 1 21
3 2 1 21
1 2 1 21
7 2 1 21
5 2 1 21
3 2 1 21
1 2 1 21
7 2 1 21
5 2 1 21
3 2 1 21
1 2 1 21
7 2 1 21
5 2 1 21
3 2 1 21
1 2 1 21
7 2 1 21
5 2 1 21
3 2 1 21
1 2 1 21
7 2 1 21
5 2 1 21
3 2 1 21
8 2 1 19
6 2 1 19
4 2 1 19
2 2 1 19
8 2 1 19
6 2 1 19
4 2 1 19
2 2 1 19
8 2 1 19
6 2 1 19
4 2 1 19
2 2 1 19
8 2 1 19
6 2 1 19
4 2 1 19
2 2 1 19
8 2 1 19
6 2 1 19
4 2 1 19
2 2 1 19
8 2 1 19
6 2 1 19
4 2 1 19
2 2 1 19
8 2 1 19
6 2 1 19
4 2 1 19
2 2 1 19
8 2 1 19
6 2 1 19
4 2 1 19
2 2 1 19
8 2 1 19
6 2 1 19
4 2 1 19
2 2 1 19
8 2 1 19
6 2 1 19
4 2 1 19
2 2 1 19
8 2 1 19
6 2 1 19
4 2 1 19
2 2 1 19
8 2 1 19
6 2 1 19
4 2 1 19
2 2 1 19
8 2 1 19
6 2 1 19
4 2 1 19
2 2 1 19
8 2 1 19
6 2 1 19
4 2 1 19
2 2 1 19
8 2 1 19
6 2 1 19
4 2 1 19
2 2 1 19
8 2 1 19
6 2 1 19
4 2 1 19
2 2 1 19
8 2 1 19
6 2 1 19
4 2 1 19
2 2 1 19
8 2 1 19
6 2 1 19
4 2 1 19
2 2 1 19
8 2 1 19
6 2 1 19
4 2 1 19
2 2 1 19
8 2 1 19
6 2 1 19
4 2 1 19
2 2 1 19
8 2 1 19
6 2 1 19
4 2 1 19
2 2 1 19
8 2 1 19
6 2 1 19
4 2 1 19
2 2 1 19
8 2 1 19
6 2 1 19
4 2 1 19
2 2 1 19
8 2 1 19
6 2 1 19
4 2 1 19
2 2 1 19
8 2 1 19
6 2 1 19
4 2 1 19
2 2 1 19
7 2 1 17
5 2 1 17
3 2 1 17
1 2 1 17
7 2 1 17
5 2 1 17
3 2 1 17
1 2 1 17
7 2 1 17
5 2 1 17
3 2 1 17
1 2 1 17
7 2 1 17
5 2 1 17
3 2 1 17
1 2 1 17
7 2 1 17
5 2 1 17
3 2 1 17
1 2 1 17
7 2 1 17
5 2 1 17
3 2 1 17
1 2 1 17
7 2 1 17
5 2 1 17
3 2 1 17
1 2 1 17
7 2 1 17
5 2 1 17
3 2 1 17
1 2 1 17
7 2 1 17
5 2 1 17
3 2 1 17
1 2 1 17
7 2 1 17
5 2 1 17
3 2 1 17
1 2 1 17
7 2 1 17
5 2 1 17
3 2 1 17
1 2 1 17
7 2 1 17
5 2 1 17
3 2 1 17
1 2 1 17
7 2 1 17
5 2 1 17
3 2 1 17
1 2 1 17
7 2 1 17
5 2 1 17
3 2 1 17
1 2 1 17
7 2 1 17
5 2 1 17
3 2 1 17
1 2 1 17
7 2 1 17
5 2 1 17
3 2 1 17
1 2 1 17
7 2 1 17
5 2 1 17
3 2 1 17
1 2 1 17
7 2 1 17
5 2 1 17
3 2 1 17
1 2 1 17
7 2 1 17
5 2 1 17
3 2 1 17
1 2 1 17
7 2 1 17
5 2 1 17
3 2 1 17
1 2 1 17
7 2 1 17
5 2 1 17
3 2 1 17
1 2 1 17
7 2 1 17
5 2 1 17
3 2 1 17
1 2 1 17
7 2 1 17
5 2 1 17
3 2 1 17
1 2 1 17
7 2 1 17
5 2 1 17
3 2 1 17
1 2 1 17
7 2 1 17
5 2 1 17
3 2 1 17
1 2 1 17
6 2 1 15
4 2 1 15
2 2 1 15
8 2 1 15
6 2 1 15
4 2 1 15
2 2 1 15
8 2 1 15
6 2 1 15
4 2 1 15
2 2 1 15
8 2 1 15
6 2 1 15
4 2 1 15
2 2 1 15
8 2 1 15
6 2 1 15
4 2 1 15
2 2 1 15
8 2 1 15
6 2 1 15
4 2 1 15
2 2 1 15
8 2 1 15
6 2 1 15
4 2 1 15
2 2 1 15
8 2 1 15
6 2 1 15
4 2 1 15
2 2 1 15
8 2 1 15
6 2 1 15
4 2 1 15
2 2 1 15
8 2 1 15
6 2 1 15
4 2 1 15
2 2 1 15
8 2 1 15
6 2 1 15
4 2 1 15
2 2 1 15
8 2 1 15
6 2 1 15
4 2 1 15
2 2 1 15
8 2 1 15
6 2 1 15
4 2 1 15
2 2 1 15
8 2 1 15
6 2 1 15
4 2 1 15
2 2 1 15
8 2 1 15
6 2 1 15
4 2 1 15
2 2 1 15
8 2 1 15
6 2 1 15
4 2 1 15
2 2 1 15
8 2 1 15
6 2 1 15
4 2 1 15
2 2 1 15
8 2 1 15
6 2 1 15
4 2 1 15
2 2 1 15
8 2 1 15
6 2 1 15
4 2 1 15
2 2 1 15
8 2 1 15
6 2 1 15
4 2 1 15
2 2 1 15
8 2 1 15
6 2 1 15
4 2 1 15
2 2 1 15
8 2 1 15
6 2 1 15
4 2 1 15
2 2 1 15
8 2 1 15
6 2 1 15
4 2 1 15
2 2 1 15
8 2 1 15
6 2 1 15
4 2 1 15
2 2 1 15
8 2 1 15
6 2 1 15
4 2 1 15
2 2 1 15
8 2 1 15
5 2 1 13
3 2 1 13
1 2 1 13
7 2 1 13
5 2 1 13
3 2 1 13
1 2 1 13
7 2 1 13
5 2 1 13
3 2 1 13
1 2 1 13
7 2 1 13
5 2 1 13
3 2 1 13
1 2 1 13
7 2 1 13
5 2 1 13
3 2 1 13
1 2 1 13
7 2 1 13
5 2 1 13
3 2 1 13
1 2 1 13
7 2 1 13
5 2 1 13
3 2 1 13
1 2 1 13
7 2 1 13
5 2 1 13
3 2 1 13
1 2 1 13
7 2 1 13
5 2 1 13
3 2 1 13
1 2 1 13
7 2 1 13
5 2 1 13
3 2 1 13
1 2 1 13
7 2 1 13
5 2 1 13
3 2 1 13
1 2 1 13
7 2 1 13
5 2 1 13
3 2 1 13
1 2 1 13
7 2 1 13
5 2 1 13
3 2 1 13
1 2 1 13
7 2 1 13
5 2 1 13
3 2 1 13
1 2 1 13
7 2 1 13
5 2 1 13
3 2 1 13
1 2 1 13
7 2 1 13
5 2 1 13
3 2 1 13
1 2 1 13
7 2 1 13
5 2 1 13
3 2 1 13
1 2 1 13
7 2 1 13
5 2 1 13
3 2 1 13
1 2 1 13
7 2 1 13
5 2 1 13
3 2 1 13
1 2 1 13
7 2 1 13
5 2 1 13
3 2 1 13
1 2 1 13
7 2 1 13
5 2 1 13
3 2 1 13
1 2 1 13
7 2 1 13
5 2 1 13
3 2 1 13
1 2 1 13
7 2 1 13
5 2 1 13
3 2 1 13
1 2 1 13
7 2 1 13
5 2 1 13
3 2 1 13
1 2 1 13
7 2 1 13
5 2 1 13
3 2 1 13
1 2 1 13
7 2 1 13
4 2 1 11
2 2 1 11
8 2 1 11
6 2 1 11
4 2 1 11
2 2 1 11
8 2 1 11
6 2 1 11
4 2 1 11
2 2 1 11
8 2 1 11
6 2 1 11
4 2 1 11
2 2 1 11
8 2 1 11
6 2 1 11
4 2 1 11
2 2 1 11
8 2 1 11
6 2 1 11
4 2 1 11
2 2 1 11
8 2 1 11
6 2 1 11
4 2 1 11
2 2 1 11
8 2 1 11
6 2 1 11
4 2 1 11
2 2 1 11
8 2 1 11
6 2 1 11
4 2 1 11
2 2 1 11
8 2 1 11
6 2 1 11
4 2 1 11
2 2 1 11
8 2 1 11
6 2 1 11
4 2 1 11
2 2 1 11
8 2 1 11
6 2 1 11
4 2 1 11
2 2 1 11
8 2 1 11
6 2 1 11
4 2 1 11
2 2 1 11
8 2 1 11
6 2 1 11
4 2 1 11
2 2 1 11
8 2 1 11
6 2 1 11
4 2 1 11
2 2 1 11
8 2 1 11
6 2 1 11
4 2 1 11
2 2 1 11
8 2 1 11
6 2 1 11
4 2 1 11
2 2 1 11
8 2 1 11
6 2 1 11
4 2 1 11
2 2 1 11
8 2 1 11
6 2 1 11
4 2 1 11
2 2 1 11
8 2 1 11
6 2 1 11
4 2 1 11
2 2 1 11
8 2 1 11
6 2 1 11
4 2 1 11
2 2 1 11
8 2 1 11
6 2 1 11
4 2 1 11
2 2 1 11
8 2 1 11
6 2 1 11
4 2 1 11
2 2 1 11
8 2 1 11
6 2 1 11
4 2 1 11
2 2 1 11
8 2 1 11
6 2 1 11
4 2 1 11
2 2 1 11
8 2 1 11
6 2 1 11
3 2 1 9
1 2 1 9
7 2 1 9
5 2 1 9
3 2 1 9
1 2 1 9
7 2 1 9
5 2 1 9
3 2 1 9
1 2 1 9
7 2 1 9
5 2 1 9
3 2 1 9
1 2 1 9
7 2 1 9
5 2 1 9
3 2 1 9
1 2 1 9
7 2 1 9
5 2 1 9
3 2 1 9
1 2 1 9
7 2 1 9
5 2 1 9
3 2 1 9
1 2 1 9
7 2 1 9
5 2 1 9
3 2 1 9
1 2 1 9
7 2 1 9
5 2 1 9
3 2 1 9
1 2 1 9
7 2 1 9
5 2 1 9
3 2 1 9
1 2 1 9
7 2 1 9
5 2 1 9
3 2 1 9
1 2 1 9
7 2 1 9
5 2 1 9
3 2 1 9
1 2 1 9
7 2 1 9
5 2 1 9
3 2 1 9
1 2 1 9
7 2 1 9
5 2 1 9
3 2 1 9
1 2 1 9
7 2 1 9
5 2 1 9
3 2 1 9
1 2 1 9
7 2 1 9
5 2 1 9
3 2 1 9
1 2 1 9
7 2 1 9
5 2 1 9
3 2 1 9
1 2 1 9
7 2 1 9
5 2 1 9
3 2 1 9
1 2 1 9
7 2 1 9
5 2 1 9
3 2 1 9
1 2 1 9
7 2 1 9
5 2 1 9
3 2 1 9
1 2 1 9
7 2 1 9
5 2 1 9
3 2 1 9
1 2 1 9
7 2 1 9
5 2 1 9
3 2 1 9
1 2 1 9
7 2 1 9
5 2 1 9
3 2 1 9
1 2 1 9
7 2 1 9
5 2 1 9
3 2 1 9
1 2 1 9
7 2 1 9
5 2 1 9
3 2 1 9
1 2 1 9
7 2 1 9
5 2 1 9
2 2 1 7
8 2 1 7
6 2 1 7
4 2 1 7
2 2 1 7
8 2 1 7
6 2 1 7
4 2 1 7
2 2 1 7
8 2 1 7
6 2 1 7
4 2 1 7
2 2 1 7
8 2 1 7
6 2 1 7
4 2 1 7
2 2 1 7
8 2 1 7
6 2 1 7
4 2 1 7
2 2 1 7
8 2 1 7
6 2 1 7
4 2 1 7
2 2 1 7
8 2 1 7
6 2 1 7
4 2 1 7
2 2 1 7
8 2 1 7
6 2 1 7
4 2 1 7
2 2 1 7
8 2 1 7
6 2 1 7
4 2 1 7
2 2 1 7
8 2 1 7
6 2 1 7
4 2 1 7
2 2 1 7
8 2 1 7
6 2 1 7
4 2 1 7
2 2 1 7
8 2 1 7
6 2 1 7
4 2 1 7
2 2 1 7
8 2 1 7
6 2 1 7
4 2 1 7
2 2 1 7
8 2 1 7
6 2 1 7
4 2 1 7
2 2 1 7
8 2 1 7
6 2 1 7
4 2 1 7
2 2 1 7
8 2 1 7
6 2 1 7
4 2 1 7
2 2 1 7
8 2 1 7
6 2 1 7
4 2 1 7
2 2 1 7
8 2 1 7
6 2 1 7
4 2 1 7
2 2 1 7
8 2 1 7
6 2 1 7
4 2 1 7
2 2 1 7
8 2 1 7
6 2 1 7
4 2 1 7
2 2 1 7
8 2 1 7
6 2 1 7
4 2 1 7
2 2 1 7
8 2 1 7
6 2 1 7
4 2 1 7
2 2 1 7
8 2 1 7
6 2 1 7
4 2 1 7
2 2 1 7
8 2 1 7
6 2 1 7
4 2 1 7
2 2 1 7
8 2 1 7
6 2 1 7
4 2 1 7
1 2 1 5
7 2 1 5
5 2 1 5
3 2 1 5
1 2 1 5
7 2 1 5
5 2 1 5
3 2 1 5
1 2 1 5
7 2 1 5
5 2 1 5
3 2 1 5
1 2 1 5
7 2 1 5
5 2 1 5
3 2 1 5
1 2 1 5
7 2 1 5
5 2 1 5
3 2 1 5
1 2 1 5
7 2 1 5
5 2 1 5
3 2 1 5
1 2 1 5
7 2 1 5
5 2 1 5
3 2 1 5
1 2 1 5
7 2 1 5
5 2 1 5
3 2 1 5
1 2 1 5
7 2 1 5
5 2 1 5
3 2 1 5
1 2 1 5
7 2 1 5
5 2 1 5
3 2 1 5
1 2 1 5
7 2 1 5
5 2 1 5
3 2 1 5
1 2 1 5
7 2 1 5
5 2 1 5
3 2 1 5
1 2 1 5
7 2 1 5
5 2 1 5
3 2 1 5
1 2 1 5
7 2 1 5
5 2 1 5
3 2 1 5
1 2 1 5
7 2 1 5
5 2 1 5
3 2 1 5
1 2 1 5
7 2 1 5
5 2 1 5
3 2 1 5
1 2 1 5
7 2 1 5
5 2 1 5
3 2 1 5
1 2 1 5
7 2 1 5
5 2 1 5
3 2 1 5
1 2 1 5
7 2 1 5
5 2 1 5
3 2 1 5
1 2 1 5
7 2 1 5
5 2 1 5
3 2 1 5
1 2 1 5
7 2 1 5
5 2 1 5
3 2 1 5
1 2 1 5
7 2 1 5
5 2 1 5
3 2 1 5
1 2 1 5
7 2 1 5
5 2 1 5
3 2 1 5
1 2 1 5
7 2 1 5
5 2 1 5
3 2 1 5
1 2 1 5
7 2 1 5
5 2 1 5
3 2 1 5
8 2 1 3
6 2 1 3
4 2 1 3
2 2 1 3
8 2 1 3
6 2 1 3
4 2 1 3
2 2 1 3
8 2 1 3
6 2 1 3
4 2 1 3
2 2 1 3
8 2 1 3
6 2 1 3
4 2 1 3
2 2 1 3
8 2 1 3
6 2 1 3
4 2 1 3
2 2 1 3
8 2 1 3
6 2 1 3
4 2 1 3
2 2 1 3
8 2 1 3
6 2 1 3
4 2 1 3
2 2 1 3
8 2 1 3
6 2 1 3
4 2 1 3
2 2 1 3
8 2 1 3
6 2 1 3
4 2 1 3
2 2 1 3
8 2 1 3
6 2 1 3
4 2 1 3
2 2 1 3
8 2 1 3
6 2 1 3
4 2 1 3
2 2 1 3
8 2 1 3
6 2 1 3
4 2 1 3
2 2 1 3
8 2 1 3
6 2 1 3
4 2 1 3
2 2 1 3
8 2 1 3
6 2 1 3
4 2 1 3
2 2 1 3
8 2 1 3
6 2 1 3
4 2 1 3
2 2 1 3
8 2 1 3
6 2 1 3
4 2 1 3
2 2 1 3
8 2 1 3
6 2 1 3
4 2 1 3
2 2 1 3
8 2 1 3
6 2 1 3
4 2 1 3
2 2 1 3
8 2 1 3
6 2 1 3
4 2 1 3
2 2 1 3
8 2 1 3
6 2 1 3
4 2 1 3
2 2 1 3
8 2 1 3
6 2 1 3
4 2 1 3
2 2 1 3
8 2 1 3
6 2 1 3
4 2 1 3
2 2 1 3
8 2 1 3
6 2 1 3
4 2 1 3
2 2 1 3
8 2 1 3
6 2 1 3
4 2 1 3
2 2 1 3
8 2 1 3
6 2 1 3
4 2 1 3
2 2 1 3
7 2 1 1
5 2 1 1
3 2 1 1
1 2 1 1
7 2 1 1
5 2 1 1
3 2 1 1
1 2 1 1
7 2 1 1
5 2 1 1
3 2 1 1
1 2 1 1
7 2 1 1
5 2 1 1
3 2 1 1
1 2 1 1
7 2 1 1
5 2 1 1
3 2 1 1
1 2 1 1
7 2 1 1
5 2 1 1
3 2 1 1
1 2 1 1
7 2 1 1
5 2 1 1
3 2 1 1
1 2 1 1
7 2 1 1
5 2 1 1
3 2 1 1
1 2 1 1
7 2 1 1
5 2 1 1
3 2 1 1
1 2 1 1
7 2 1 1
5 2 1 1
3 2 1 1
1 2 1 1
7 2 1 1
5 2 1 1
3 2 1 1
1 2 1 1
7 2 1 1
5 2 1 1
3 2 1 1
1 2 1 1
7 2 1 1
5 2 1 1
3 2 1 1
1 2 1 1
7 2 1 1
5 2 1 1
3 2 1 1
1 2 1 1
7 2 1 1
5 2 1 1
3 2 1 1
1 2 1 1
7 2 1 1
5 2 1 1
3 2 1 1
1 2 1 1
7 2 1 1
5 2 1 1
3 2 1 1
1 2 1 1
7 2 1 1
5 2 1 1
3 2 1 1
1 2 1 1
7 2 1 1
5 2 1 1
3 2 1 1
1 2 1 1
7 2 1 1
5 2 1 1
3 2 1 1
1 2 1 1
7 2 1 1
5 2 1 1
3 2 1 1
1 2 1 1
7 2 1 1
5 2 1 1
3 2 1 1
1 2 1 1
7 2 1 1
5 2 1 1
3 2 1 1
1 2 1 1
7 2 1 1
5 2 1 1
3 2 1 1
1 2 1 1
7 2 1 1
5 2 1 1
3 2 1 1
1 2 1 1