55618
1877
7 74 28 6
8 72 37 43
6 24 12 21
5 32 15 21
8 45 20 20
8 44 55 21
8 23 41 6
8 29 76 5
1 22 12 6
7 30 15 6
6 31 25 5
5 30 28 6
8 12 7 91
6 23 8 91
7 10 36 1
3 10 85 87
8 9 5 2
3 15 5 1
7 9 19 2
5 9 49 86
8 9 80 98
1 8 14 2
1 8 88 84
2 7 4 96
4 7 19 87
5 7 65 97
2 7 80 97
3 7 86 87
7 6 3 94
1 7 78 96
4 6 15 87
4 12 30 87
7 12 30 87
8 7 63 86
7 7 75 86
8 6 23 17
1 6 25 87
6 6 27 82
3 9 76 80
1 6 41 49
4 8 91 50
5 6 47 69
4 7 95 66
3 6 51 65
4 8 71 64
5 6 57 64
2 6 61 49
4 6 64 98
5 6 67 86
5 6 70 66
2 6 71 98
7 6 72 38
4 6 76 12
7 6 77 98
8 6 80 19
3 6 81 97
3 6 83 55
2 6 90 46
7 5 12 94
5 5 14 73
1 5 18 86
3 6 29 85
6 8 35 86
4 7 46 85
3 6 50 86
3 7 78 84
2 5 31 61
2 7 78 64
8 5 34 92
5 5 31 87
1 7 31 87
7 5 44 86
8 7 44 87
4 6 67 86
5 5 45 85
8 5 45 82
4 6 71 83
7 5 50 49
7 5 53 79
6 5 57 77
7 5 58 68
3 5 56 64
8 6 85 70
7 5 61 50
5 5 66 35
5 5 70 53
5 5 74 47
7 5 76 4
4 5 79 30
4 5 79 14
6 5 82 11
7 5 88 73
4 6 87 76
7 5 97 58
4 4 1 97
1 4 3 97
4 4 7 97
8 4 7 95
7 6 30 93
6 4 7 84
4 7 29 84
8 6 35 87
6 6 35 87
3 6 69 84
6 5 12 86
8 6 11 87
1 7 49 87
5 5 55 86
4 5 78 91
8 4 7 1
3 5 7 1
8 8 37 2
8 10 72 2
3 6 8 1
2 7 10 1
8 8 11 1
4 9 11 1
5 9 11 2
6 7 10 2
5 7 24 1
8 6 8 2
4 8 8 1
2 7 8 4
7 6 67 6
5 6 70 9
4 5 5 2
5 6 5 2
6 5 14 2
7 5 15 1
6 6 26 1
2 5 17 1
7 6 17 2
8 5 35 1
5 5 35 1
1 5 46 2
4 5 46 2
4 6 48 2
8 5 71 9
2 5 80 12
4 4 10 86
4 6 20 91
2 8 21 92
5 5 19 87
1 7 52 85
3 6 20 85
2 6 19 87
5 6 19 86
3 5 31 85
1 5 30 86
8 5 41 87
6 7 41 87
3 4 10 86
6 5 15 85
8 6 22 87
7 8 22 86
5 5 15 87
1 4 11 1
2 4 13 92
1 4 11 91
8 6 40 91
7 4 13 87
3 5 39 90
7 4 14 95
4 6 59 96
6 4 14 79
4 5 72 78
1 4 16 77
4 4 17 86
1 4 17 8
2 8 17 8
1 6 17 9
4 6 49 2
2 4 17 13
8 4 19 74
1 4 27 86
5 7 27 86
7 7 31 84
2 4 29 79
3 4 29 66
5 5 49 69
2 5 59 70
3 5 79 63
1 4 30 86
6 5 30 87
8 4 33 71
5 5 77 71
6 4 35 97
8 4 36 72
2 4 35 71
3 5 73 72
7 4 36 52
4 5 61 53
3 4 39 73
1 6 64 73
7 5 56 75
7 5 63 70
2 5 64 76
2 5 69 76
2 6 81 75
5 5 75 74
1 5 76 74
6 4 42 56
2 4 43 64
7 5 47 64
7 5 51 65
6 5 51 63
8 4 47 92
8 4 49 1
4 4 51 5
4 5 53 7
4 5 55 7
4 6 57 8
6 5 55 9
4 7 58 9
5 5 55 9
7 10 59 8
7 7 56 7
2 10 58 8
1 8 58 10
2 6 55 8
8 6 55 8
4 6 58 14
1 4 52 8
8 5 52 9
1 5 52 9
4 7 52 11
8 5 52 13
1 7 52 14
4 9 52 16
6 6 51 14
6 4 52 18
5 5 52 18
4 4 52 21
2 6 76 19
5 5 59 21
2 6 62 19
5 6 67 20
7 4 54 16
2 4 54 14
5 4 54 14
7 4 55 97
1 6 55 98
5 6 66 97
7 6 65 98
6 8 64 96
8 4 55 73
1 4 55 17
3 5 60 15
2 4 57 47
2 5 80 45
6 5 81 44
8 6 82 45
5 4 57 42
3 5 65 41
1 6 64 41
8 4 60 54
4 4 63 42
5 4 63 41
1 4 63 22
7 4 64 55
3 5 76 56
1 4 65 97
8 4 67 82
8 4 69 38
7 4 70 31
1 4 71 38
3 6 82 39
5 4 72 37
1 4 74 92
2 6 78 93
6 4 75 33
7 4 76 92
6 4 77 62
4 4 78 57
5 4 79 61
1 4 81 26
2 4 87 26
6 4 89 44
6 4 91 52
1 3 1 98
3 6 20 96
7 4 47 96
8 3 1 98
4 4 2 97
2 4 2 97
2 4 16 97
5 4 46 97
3 5 57 96
2 4 48 95
5 4 64 95
5 3 1 98
3 5 6 96
7 5 19 97
1 5 47 95
1 4 2 97
7 6 6 95
5 5 6 97
2 6 51 96
3 4 36 97
4 6 36 98
5 6 50 96
8 4 46 97
8 4 47 97
1 4 47 97
4 4 59 94
5 4 85 93
7 3 1 98
6 4 15 97
4 4 22 97
8 4 22 97
5 4 29 97
2 6 29 98
3 6 29 96
6 4 33 97
4 3 1 98
4 5 16 96
1 4 12 97
5 4 16 96
7 4 30 96
4 4 34 97
7 6 34 96
6 5 34 97
2 4 67 95
1 3 1 98
4 4 11 97
3 4 16 97
7 4 22 97
6 6 22 98
8 5 22 97
8 3 1 98
5 4 4 97
3 6 4 98
4 6 3 98
6 6 4 97
7 5 3 97
8 4 3 96
5 4 3 97
2 3 1 98
7 4 2 97
1 6 2 98
2 4 5 97
5 6 5 98
7 5 6 97
8 4 7 97
1 4 8 97
6 3 1 98
2 4 6 97
8 3 1 98
2 4 2 97
6 3 1 98
5 3 1 98
4 3 1 98
5 3 1 87
8 6 17 85
4 5 4 87
2 5 23 86
7 5 43 83
8 4 21 87
1 6 21 87
4 5 20 87
7 7 19 87
2 7 19 87
1 3 1 87
3 6 18 87
8 4 3 86
1 5 14 85
6 6 14 87
7 4 3 87
2 7 5 85
1 8 5 87
5 6 3 85
3 5 4 87
7 5 4 85
4 4 23 83
7 3 1 87
2 5 2 87
1 4 3 86
8 4 3 86
1 3 1 87
3 3 1 87
6 3 1 4
6 5 45 1
1 4 1 4
8 5 1 4
3 6 1 4
4 4 1 7
5 4 1 8
2 6 1 7
3 7 1 7
8 7 1 8
4 7 1 9
2 10 1 8
6 10 1 9
8 11 1 9
4 12 1 10
5 12 1 11
7 17 1 7
2 18 1 7
4 22 3 4
5 23 3 4
7 21 3 12
6 20 1 6
1 14 3 14
2 26 3 15
1 13 1 13
7 14 1 13
8 8 1 12
4 12 12 8
3 13 16 8
3 20 18 6
1 10 30 16
6 9 1 12
7 13 2 8
4 14 13 6
5 13 22 8
2 12 1 9
6 11 2 9
8 10 3 12
6 11 5 9
8 11 6 9
3 11 6 9
1 9 1 12
1 11 4 9
6 15 6 12
1 13 6 8
8 14 7 12
4 17 8 9
1 13 11 8
5 8 1 12
5 11 4 9
2 16 4 12
6 11 4 9
2 11 5 9
4 10 6 20
3 8 1 12
7 11 3 9
5 11 3 14
4 8 1 12
2 6 3 21
7 6 3 21
8 7 9 20
5 7 12 19
6 6 6 20
6 10 11 21
1 6 6 21
4 7 15 20
5 7 54 27
4 6 9 21
2 7 11 19
8 6 11 21
1 7 41 25
5 8 43 26
4 9 43 26
2 11 43 26
4 13 45 26
8 14 44 25
1 13 44 27
7 25 44 27
2 13 43 27
6 10 43 31
4 8 42 30
3 9 45 26
8 9 42 28
6 6 12 20
4 10 21 22
1 8 25 26
4 9 28 26
4 11 33 25
4 13 35 25
1 12 35 27
6 11 33 27
6 9 28 27
7 11 28 27
5 20 28 27
2 8 25 27
8 9 25 27
2 8 25 27
1 9 25 27
3 7 21 27
5 8 21 27
6 14 21 22
3 12 21 27
2 8 21 27
3 6 13 26
6 8 14 26
3 9 18 31
1 8 14 27
4 16 14 27
8 12 13 27
5 6 13 21
4 6 17 20
8 5 1 21
6 10 1 16
8 7 15 20
1 11 15 21
3 6 5 20
2 7 5 19
5 6 7 21
7 6 7 20
1 5 1 21
3 6 2 20
4 6 6 20
6 6 6 21
2 7 6 21
5 5 1 21
4 7 1 21
4 7 5 17
3 5 1 21
1 6 1 21
7 6 26 26
1 5 3 28
2 8 3 29
7 5 2 26
8 4 2 27
6 4 2 27
7 7 3 27
8 6 14 32
1 5 3 26
8 5 47 37
2 4 2 27
5 6 2 27
2 5 5 30
7 5 5 31
6 8 6 30
5 8 6 31
8 8 6 32
3 9 6 32
4 8 6 34
6 11 6 34
1 13 6 31
3 9 9 36
3 8 11 38
8 9 37 38
5 8 11 39
4 12 32 36
2 11 32 38
7 11 32 39
4 13 32 39
1 10 22 38
4 13 22 36
4 14 24 36
4 13 26 38
6 13 26 39
5 14 26 39
1 19 26 40
8 14 25 47
1 14 24 47
6 11 22 39
2 11 22 39
5 11 21 39
7 16 20 41
6 9 11 39
3 11 11 39
1 10 11 36
2 12 11 35
8 11 11 36
5 14 12 34
4 19 11 35
6 13 11 36
2 13 10 39
8 7 9 39
5 10 18 37
5 7 10 39
1 6 6 39
4 9 6 39
2 5 7 36
8 4 2 16
1 4 2 12
8 4 3 31
6 6 3 30
2 8 3 32
1 5 26 35
7 4 5 5
1 5 3 3
2 6 3 4
6 7 4 4
6 4 5 8
2 4 12 46
4 5 14 46
6 6 14 46
5 6 15 47
2 6 15 48
1 7 15 48
4 8 16 49
7 8 16 47
2 6 14 45
5 5 14 48
8 5 13 49
6 5 35 49
6 7 62 50
3 5 48 51
1 4 12 49
4 4 13 40
6 4 15 53
1 8 15 51
4 6 15 50
4 6 18 51
4 5 15 56
8 4 15 51
1 6 15 51
6 7 15 52
4 5 16 51
1 6 18 49
7 6 17 50
5 5 19 49
1 5 51 55
2 4 14 49
2 6 16 50
8 5 47 50
5 4 15 53
8 4 15 50
7 4 20 86
1 4 21 89
2 4 21 31
7 4 22 50
2 4 23 38
2 4 25 85
3 4 29 22
3 4 33 34
1 4 35 35
6 4 41 44
8 4 42 6
7 4 46 53
3 4 45 53
5 4 45 53
2 4 46 54
7 4 47 52
5 4 55 47
8 4 68 56
5 3 1 23
8 3 1 9
8 6 2 6
5 5 2 9
1 5 2 5
2 5 1 7
6 5 5 8
8 4 3 8
7 4 35 8
3 3 1 9
4 4 2 9
4 4 6 8
5 4 16 9
2 3 1 9
7 5 1 7
1 5 3 9
5 4 1 8
2 3 1 9
6 5 1 9
4 3 2 18
7 3 3 36
4 3 3 36
6 4 10 36
1 4 10 37
5 4 23 34
3 3 3 35
1 5 38 35
6 3 3 11
8 3 3 11
5 3 3 5
2 4 37 3
1 3 5 32
7 3 6 88
8 5 43 90
3 4 8 89
2 5 55 88
6 4 28 89
8 5 57 90
7 4 60 89
3 3 5 88
2 5 6 89
5 3 7 81
5 4 17 81
8 4 20 79
5 4 25 81
2 4 39 79
4 4 84 79
3 4 83 78
1 3 7 39
4 4 27 39
7 3 7 22
1 3 7 14
8 3 9 91
1 4 36 89
2 4 74 91
5 3 9 84
3 4 12 84
3 3 9 34
5 3 10 90
3 3 10 80
7 5 22 78
5 4 27 82
6 4 40 78
6 6 46 78
1 4 78 76
4 4 77 76
5 5 78 76
5 3 10 79
7 5 64 78
4 4 18 77
8 4 42 76
7 4 46 79
5 4 48 75
6 4 50 81
5 4 71 81
4 3 13 51
1 4 35 50
1 3 13 29
5 3 13 24
2 5 21 25
5 4 20 21
8 3 11 23
7 3 10 23
5 4 10 24
1 3 14 83
6 3 14 83
7 5 58 85
6 4 56 82
3 3 13 82
2 3 14 14
8 3 15 57
1 5 15 57
4 5 15 59
5 5 25 60
2 6 26 62
6 4 14 57
8 5 81 58
5 4 41 60
1 4 46 63
8 5 45 63
6 5 59 61
6 4 46 64
8 4 70 56
4 3 14 57
4 4 15 54
8 4 15 54
2 4 38 56
1 4 45 58
6 4 65 57
6 3 15 60
5 4 15 60
4 7 15 59
8 4 29 60
3 5 44 59
3 4 32 64
3 5 44 63
1 4 76 58
2 3 15 63
7 5 15 62
4 7 15 62
4 5 40 64
4 5 71 62
8 4 18 59
2 5 60 60
1 4 18 58
7 4 18 58
3 4 37 65
6 5 54 67
8 4 39 65
5 4 52 63
8 4 51 62
5 4 57 59
3 4 67 67
2 4 70 57
5 4 72 67
2 4 72 67
8 3 15 66
1 5 15 65
5 8 17 65
2 8 17 65
7 7 15 65
6 6 30 66
7 5 35 68
2 5 50 65
7 4 38 64
8 4 41 69
6 5 62 68
8 4 53 66
7 4 60 65
6 4 61 62
5 4 61 60
8 3 15 69
3 4 29 71
3 4 41 69
1 4 52 66
4 4 55 65
1 6 56 66
8 3 15 62
7 6 16 59
1 4 15 62
4 4 16 58
2 4 16 59
3 4 40 59
3 4 46 61
1 6 49 58
6 4 50 61
4 4 67 59
5 4 71 57
1 3 15 43
8 3 15 42
1 3 15 37
8 3 16 43
4 4 33 43
1 3 16 23
5 3 16 20
2 3 17 52
5 4 51 52
8 4 57 52
5 3 17 53
2 3 17 55
7 4 32 54
6 5 66 54
2 5 69 56
4 4 40 52
3 4 39 51
8 3 17 37
1 4 28 38
3 3 18 51
1 4 48 48
5 3 19 88
2 3 19 66
7 3 19 21
1 3 19 20
3 3 19 3
7 3 19 1
6 3 20 91
4 4 22 92
8 3 19 90
3 4 36 90
6 5 53 89
4 3 17 89
5 4 32 88
8 3 20 78
4 4 41 80
5 3 20 80
8 4 51 78
3 4 57 78
2 4 63 81
1 3 20 28
7 3 21 54
2 4 48 53
4 4 50 56
7 4 67 56
5 3 22 67
2 4 63 67
2 3 22 68
4 3 21 69
2 4 38 71
5 5 71 71
6 4 41 72
4 3 23 48
8 3 24 61
4 3 24 59
5 3 25 58
6 3 25 46
6 4 48 47
1 3 25 41
2 4 26 40
5 3 25 42
6 3 26 63
5 4 37 63
8 4 46 61
4 3 26 47
2 4 45 48
5 3 27 72
4 4 41 71
3 4 45 72
4 3 26 71
6 3 26 70
2 4 40 70
6 5 39 70
1 3 27 70
8 4 51 69
5 3 27 64
4 3 27 51
4 4 43 50
2 3 26 50
1 3 28 89
6 3 28 74
1 4 50 71
8 4 67 74
7 4 70 74
5 3 28 61
7 3 28 53
2 5 37 53
3 3 29 89
6 4 36 88
6 3 29 54
1 3 29 4
4 3 30 74
3 5 61 74
8 4 68 76
2 3 30 52
5 4 31 53
8 4 31 54
7 4 45 52
5 4 50 54
7 4 51 55
1 3 30 53
4 3 30 33
5 3 31 61
8 4 32 61
6 3 32 90
2 4 34 90
8 4 49 90
1 3 33 73
4 4 47 71
6 3 33 46
5 3 34 81
8 4 60 78
2 3 34 33
5 3 34 4
2 3 35 73
6 5 59 74
4 3 35 34
1 3 36 64
8 5 37 64
5 3 35 66
3 4 34 64
1 4 39 64
8 3 34 66
8 4 49 65
5 3 37 56
4 3 36 55
1 3 38 52
1 3 40 85
6 3 40 58
3 3 41 48
5 3 40 47
1 3 40 49
7 3 40 49
4 3 39 49
3 4 39 48
6 3 41 46
3 3 42 77
5 4 51 76
1 3 42 54
2 3 43 82
4 3 43 78
3 3 43 69
7 4 49 69
6 4 53 70
4 4 55 68
2 3 44 60
5 3 46 92
5 3 46 73
7 3 46 70
3 5 47 70
8 4 52 69
5 3 45 70
4 4 54 70
1 3 44 70
4 3 46 71
8 4 46 71
5 4 50 72
2 4 50 70
7 4 50 71
8 3 47 75
6 4 51 76
3 3 47 76
6 3 47 74
2 3 47 69
3 4 48 69
1 4 48 69
3 3 49 90
1 3 49 90
4 3 52 79
5 4 62 78
2 3 52 78
7 3 55 91
4 3 56 92
1 3 60 75
7 3 63 57
3 3 65 75
3 3 68 80
6 3 70 84
7 2 1 87
6 3 18 87
2 3 17 87
5 3 25 85
8 3 24 84
1 3 23 84
6 3 31 84
7 3 30 82
1 3 33 88
7 3 34 89
8 3 38 83
8 3 41 83
4 3 44 82
2 3 49 83
8 3 50 82
3 2 1 88
1 3 1 88
2 3 1 89
4 4 35 89
3 3 1 90
7 3 13 90
4 4 28 89
5 3 22 92
6 3 22 89
1 3 22 90
4 2 1 78
2 3 1 78
4 5 2 77
8 5 2 78
7 7 3 77
2 7 3 78
1 7 3 78
7 4 1 78
4 3 3 76
7 4 23 75
1 4 50 75
8 3 15 81
5 3 27 83
3 3 31 85
1 3 35 78
7 4 48 77
5 3 37 78
8 4 41 77
6 5 41 76
3 7 47 78
2 4 46 76
5 3 38 81
2 3 41 76
6 4 48 77
1 3 42 76
7 4 49 75
4 3 50 74
6 2 1 42
5 3 1 42
8 4 1 42
3 5 1 42
4 4 1 44
6 5 1 44
1 5 1 45
4 5 1 46
8 7 1 45
3 8 1 45
2 8 1 46
4 9 1 46
3 9 1 47
5 10 1 47
6 10 1 48
3 10 1 49
2 11 2 49
1 10 1 50
8 9 1 51
5 9 1 51
4 7 1 53
6 7 1 53
7 9 1 51
5 6 1 54
2 7 1 54
1 6 1 54
2 5 16 54
5 5 19 45
5 4 1 42
1 4 8 59
4 4 8 59
1 5 9 59
4 7 21 59
8 6 11 60
4 5 9 60
1 5 9 61
6 6 9 60
4 4 8 63
8 4 13 50
5 4 30 65
5 3 2 56
4 5 17 56
7 3 3 56
4 4 3 56
1 4 13 55
4 3 4 50
5 3 5 58
7 3 5 59
2 4 6 59
5 3 5 60
4 4 34 62
4 3 7 60
6 3 8 64
5 3 8 50
4 3 8 44
3 3 12 43
2 3 15 41
5 3 16 59
1 5 23 62
5 3 19 57
6 4 33 58
8 3 18 54
2 3 19 47
5 4 17 46
4 3 18 48
2 3 23 58
2 3 24 63
5 3 26 40
3 3 27 42
3 3 28 44
2 3 28 38
2 3 31 58
7 4 31 58
1 3 33 65
2 3 33 66
7 3 32 67
8 3 35 65
4 4 35 65
3 3 35 56
4 3 34 56
2 3 42 67
8 2 1 60
5 3 1 60
4 6 1 58
6 6 1 59
7 4 1 62
2 5 2 62
1 5 2 63
4 5 2 64
6 5 2 65
1 7 2 65
4 5 2 69
5 5 2 64
5 4 28 65
8 3 2 70
1 7 2 68
4 5 2 72
4 4 2 67
6 6 2 68
2 4 8 64
5 3 1 70
4 6 4 70
7 5 10 72
2 4 9 73
1 4 9 75
8 4 8 75
4 4 7 73
7 6 6 71
7 4 24 72
7 4 33 76
7 4 33 68
4 3 1 70
2 3 1 70
2 5 4 71
3 5 15 70
2 4 31 72
7 3 1 70
8 6 1 68
4 4 7 66
3 5 7 67
1 3 1 70
7 4 5 70
4 5 4 66
2 3 3 68
4 6 29 66
1 3 3 66
2 3 4 58
8 4 3 57
8 3 6 65
5 3 6 65
4 3 7 67
1 3 7 63
7 3 11 62
6 3 12 64
2 3 15 69
5 3 14 69
4 3 14 70
1 3 16 73
2 3 16 73
5 4 19 71
8 4 24 73
4 3 16 61
7 3 16 57
3 3 17 72
2 3 18 63
4 3 18 64
8 3 18 58
6 3 19 65
3 3 17 64
7 3 17 65
3 3 22 58
7 3 23 65
6 4 27 68
2 3 25 76
5 3 25 74
7 3 28 73
1 3 29 55
3 3 33 68
8 3 36 73
1 3 37 72
6 2 1 70
5 2 1 71
6 3 9 70
7 3 8 68
1 3 8 69
3 3 13 68
4 3 18 67
5 2 1 68
5 3 4 66
6 4 4 65
8 3 3 67
7 4 3 66
5 4 3 66
4 3 4 65
3 3 5 64
1 3 5 65
2 3 7 65
2 3 20 68
4 2 1 68
2 2 1 67
8 3 11 66
4 2 1 66
5 3 6 67
7 3 7 68
2 2 1 63
4 3 12 62
7 3 14 61
1 2 1 61
6 2 1 56
1 3 7 55
3 3 14 56
6 3 23 54
2 2 1 57
3 3 3 58
5 4 4 55
4 3 5 54
2 4 5 55
5 3 11 55
8 3 11 54
4 3 13 53
4 3 21 57
8 3 21 59
4 3 23 52
8 3 22 50
3 3 27 56
7 2 1 54
1 3 10 55
3 3 12 55
2 3 17 52
7 3 18 57
6 2 1 50
1 3 6 50
1 2 1 50
5 5 15 49
3 4 2 50
7 2 1 49
4 2 1 47
6 3 15 47
4 4 27 46
3 3 16 44
7 4 21 43
3 3 21 41
8 3 21 42
3 3 22 39
7 3 25 47
3 3 26 48
6 3 26 41
1 2 1 46
8 3 7 45
5 4 7 43
2 3 7 43
7 4 8 42
4 3 8 45
6 3 6 43
2 3 8 45
5 3 8 44
1 3 22 46
5 3 22 45
7 3 29 40
3 2 1 47
7 3 22 46
4 3 22 47
8 2 1 36
6 3 1 36
4 4 4 35
1 3 8 34
8 5 8 36
6 4 8 37
3 3 7 36
4 3 7 35
4 5 17 35
2 3 15 36
5 3 24 35
4 3 24 34
6 3 24 36
8 3 27 35
7 3 30 33
8 3 30 34
2 2 1 38
6 3 17 37
7 2 1 39
1 3 1 39
6 3 1 39
5 3 1 39
8 3 6 42
3 3 6 43
8 2 1 40
5 3 18 38
8 3 18 39
6 3 18 40
3 2 1 41
1 3 6 41
4 2 1 42
6 2 1 39
4 3 12 39
4 2 1 36
2 2 1 36
8 3 2 35
1 2 1 36
7 3 3 36
1 2 1 32
4 4 16 31
1 3 2 31
4 3 6 33
8 4 9 33
6 4 12 32
2 4 17 34
6 4 25 32
8 3 5 32
6 5 5 32
2 4 5 32
6 3 5 34
3 3 5 36
2 3 4 36
7 3 7 37
4 3 7 33
1 3 10 38
1 3 11 33
7 3 10 34
3 4 9 32
8 3 8 32
5 5 13 31
5 3 12 35
3 3 13 36
1 3 18 39
5 3 22 31
4 2 1 32
1 4 9 33
3 3 3 31
5 3 6 31
1 3 5 31
4 4 6 31
6 4 6 31
7 3 12 35
5 2 1 32
2 2 1 33
7 2 1 34
2 2 1 35
3 2 1 35
1 2 1 29
5 3 15 28
7 2 1 28
2 3 11 26
4 3 11 28
4 3 25 28
7 3 29 26
4 2 1 24
4 4 3 23
2 4 6 24
2 3 1 23
7 5 1 21
8 7 1 20
1 5 1 21
3 4 6 23
4 4 5 21
6 3 9 26
4 4 15 25
7 2 1 24
1 4 16 24
7 2 1 21
2 4 1 20
1 3 3 18
5 2 1 16
2 3 6 15
8 3 8 16
6 3 9 18
1 4 12 16
4 4 11 16
5 4 11 16
7 3 9 18
2 3 9 16
8 2 1 14
7 2 1 14
5 3 2 12
3 3 2 12
1 3 2 13
6 2 2 87
4 2 2 86
7 3 8 84
7 3 27 87
2 2 2 77
8 3 2 77
8 3 12 77
5 3 29 76
7 3 32 78
6 4 33 78
4 3 32 75
4 3 38 78
6 2 2 74
5 4 2 73
1 3 6 76
1 3 26 75
2 3 29 76
4 4 30 77
8 3 28 75
3 4 28 75
7 3 33 74
6 3 32 74
7 3 41 80
1 4 40 79
3 2 2 73
7 3 22 74
5 3 27 74
6 3 27 75
8 2 2 73
3 3 26 73
2 3 26 75
4 2 2 72
5 2 2 72
4 3 7 71
1 2 2 68
1 3 6 67
1 2 2 62
7 2 2 63
5 2 2 62
3 3 9 61
8 2 2 48
4 3 2 47
3 3 14 47
2 2 2 48
3 3 8 48
6 3 8 49
4 3 12 47
8 3 12 46
7 2 2 32
3 2 2 26
8 4 4 27
1 4 6 25
7 3 3 26
2 3 13 23
2 3 17 28
3 3 17 29
6 2 2 25
4 3 3 24
8 3 7 23
3 2 1 24
6 3 8 25
2 2 1 25
8 2 2 18
7 2 2 18
2 2 2 18
3 2 2 14
2 2 1 13
7 3 1 12
6 2 2 13
5 2 2 14
6 2 2 1
5 2 1 1
7 3 1 1
6 4 1 1
2 4 3 2
1 3 12 1
6 4 12 2
1 3 32 4
7 2 1 4
6 3 3 2
7 4 3 2
5 3 3 1
8 3 6 2
6 2 1 5
1 2 1 1
6 3 17 1
3 2 3 91
8 4 13 90
6 3 13 92
4 3 14 91
3 3 16 89
2 4 21 89
7 3 20 90
3 3 19 89
6 3 20 89
5 4 26 88
5 3 22 91
5 2 3 85
7 3 15 86
3 3 15 87
6 3 15 86
8 3 24 88
2 3 24 88
1 3 23 89
7 2 3 75
6 4 11 75
5 3 6 74
4 3 23 78
3 3 25 79
2 3 33 78
7 3 43 79
2 2 3 76
1 3 19 77
7 2 3 71
7 4 14 71
5 2 3 71
7 2 3 59
2 2 3 55
7 2 3 56
1 3 26 56
6 2 3 54
2 3 11 53
7 2 3 39
8 2 3 39
5 3 6 39
5 3 7 37
3 3 7 38
5 3 11 38
4 2 3 39
4 2 3 27
6 3 13 27
1 3 13 28
4 2 3 24
8 2 3 21
5 2 3 16
3 4 9 16
1 2 3 11
5 2 2 11
8 2 2 12
6 2 1 11
3 2 4 90
3 4 5 90
1 4 12 88
8 4 26 90
6 3 26 90
8 2 4 78
3 2 4 78
3 4 8 77
2 3 7 78
7 3 14 81
3 4 15 81
4 3 16 82
3 4 37 79
4 4 44 80
6 3 27 80
5 3 28 78
6 3 29 79
3 3 29 79
4 3 51 83
8 3 50 82
1 2 4 74
1 3 19 74
8 2 4 74
5 3 11 74
2 2 4 73
3 3 13 72
1 2 4 72
1 3 21 70
3 2 4 71
5 3 11 71
8 3 18 71
2 2 4 70
3 3 8 69
1 3 12 71
7 2 4 58
4 3 9 58
4 2 4 57
1 3 19 55
8 3 19 55
8 2 4 45
4 2 4 41
2 2 3 40
7 2 3 41
7 3 8 41
5 3 8 40
4 3 8 40
8 3 9 42
5 4 17 42
1 3 10 38
6 2 2 40
5 2 4 34
2 3 3 33
8 3 4 34
3 2 3 35
8 2 4 29
7 3 10 28
8 3 12 28
7 2 4 29
5 3 5 28
6 2 4 23
6 2 4 9
1 2 5 91
4 4 14 89
6 2 4 90
2 3 11 90
4 2 5 84
8 2 5 69
8 2 5 66
8 2 5 47
3 2 5 48
7 2 5 42
8 3 5 42
3 3 6 44
3 3 8 43
6 2 4 42
4 3 7 42
2 2 4 42
1 2 5 44
1 3 8 45
7 2 5 45
1 4 9 44
3 3 15 45
5 2 5 44
7 2 4 43
4 2 5 31
3 2 5 26
7 2 5 26
4 2 6 92
8 2 6 79
3 3 17 77
2 2 6 76
8 3 20 77
1 2 6 77
5 3 6 76
6 3 11 74
2 3 15 76
5 3 15 76
4 3 16 76
5 2 6 74
6 3 5 73
8 2 6 68
8 2 6 63
1 2 6 62
6 2 6 63
2 2 6 50
1 3 14 51
1 2 6 41
8 2 6 42
6 2 5 41
2 2 6 37
2 2 6 32
6 2 6 33
3 2 6 29
7 2 6 22
3 3 6 22
6 3 8 20
2 2 6 21
6 2 6 20
7 2 5 20
8 2 6 21
7 2 6 19
4 2 6 18
7 2 6 9
4 2 7 76
8 3 9 76
3 2 6 76
1 3 19 75
1 2 6 77
8 2 7 73
5 2 7 63
2 2 7 59
8 2 7 57
3 2 7 46
6 2 7 38
7 2 6 37
4 2 6 38
5 2 7 33
7 2 7 21
7 2 7 17
1 2 7 7
5 2 8 92
2 2 8 93
7 2 8 91
6 3 9 89
4 3 9 88
3 3 8 89
2 3 7 89
7 2 8 78
4 2 8 74
8 2 8 72
4 2 8 73
3 3 14 73
8 2 8 69
8 2 8 58
6 3 9 59
5 2 8 46
8 2 8 45
2 2 8 45
3 2 7 45
5 3 10 44
6 2 7 45
4 2 6 45
2 2 6 45
4 2 8 45
3 2 7 45
7 2 8 37
4 3 8 38
2 3 9 37
7 2 8 39
4 2 8 36
3 2 8 27
1 2 8 27
3 2 8 27
6 2 7 27
5 2 7 27
4 2 8 28
7 3 9 29
2 3 8 29
4 2 8 30
1 3 7 29
8 2 8 7
1 2 8 4
4 6 8 2
5 4 15 1
3 4 15 2
2 5 15 1
1 4 14 2
4 5 14 2
4 3 9 1
2 3 11 1
8 2 7 3
5 3 15 4
3 2 7 4
1 2 9 84
1 2 9 79
2 3 14 78
6 3 14 79
5 3 17 79
3 2 9 79
2 3 16 79
4 4 16 77
3 4 17 80
7 3 17 80
1 5 17 79
1 3 31 81
7 2 9 75
3 2 9 76
2 2 9 75
7 2 8 75
2 2 8 75
2 2 9 72
7 2 9 54
8 3 9 54
5 2 8 54
2 2 9 43
4 2 9 17
5 2 8 17
7 2 8 17
5 2 7 16
6 2 8 16
5 2 10 65
3 3 10 65
1 3 12 67
4 2 10 53
5 2 10 53
2 2 10 44
5 2 11 76
8 3 11 75
5 2 11 70
8 2 11 71
4 3 11 71
6 2 10 70
2 2 11 54
3 2 11 55
6 2 11 52
1 2 11 51
7 2 11 52
3 2 10 51
2 2 11 50
1 2 11 49
7 2 11 50
2 2 11 49
8 2 12 89
7 2 12 90
4 2 12 89
6 2 12 88
2 2 12 75
1 2 12 57
4 4 12 56
3 2 11 57
6 2 12 58
6 2 13 67
4 2 12 67
5 2 12 68
2 2 13 59
3 2 14 91
1 2 14 86
7 2 14 86
3 3 15 85
4 4 15 86
3 2 14 77
5 2 13 77
4 2 14 60
5 2 14 61
7 2 14 61
3 2 14 60
2 2 14 56
6 2 14 51
8 2 14 5
4 4 14 3
6 5 14 3
1 3 14 3
8 2 15 92
3 3 17 90
8 2 15 88
7 2 15 88
2 2 14 87
5 2 14 87
4 2 13 87
2 2 15 72
4 2 15 52
8 2 15 51
2 2 15 48
8 2 15 48
4 2 15 34
6 2 14 34
5 2 15 25
4 2 15 25
8 2 16 7
6 2 17 84
7 2 17 82
7 3 41 82
6 2 16 82
1 2 17 80
2 2 17 81
6 3 34 81
7 3 34 82
1 3 33 82
6 3 43 82
2 3 43 83
7 2 18 84
1 2 18 50
5 2 18 8
6 2 17 8
1 2 18 2
4 2 18 1
2 2 19 81
3 3 19 79
5 4 25 79
2 2 19 80
6 2 18 80
4 2 18 80
2 3 17 79
8 3 20 81
5 2 17 80
6 3 27 81
8 2 17 79
6 2 16 78
5 2 19 2
3 2 19 3
2 3 19 2
4 2 19 4
2 2 20 83
4 3 20 83
1 3 19 83
3 3 24 81
2 2 21 7
1 2 21 6
6 2 21 6
4 2 22 91
5 2 22 90
6 2 22 79
6 2 22 72
1 2 22 59
1 2 22 19
2 2 22 19
8 2 22 5
6 2 21 5
2 2 23 80
1 2 24 90
2 2 24 83
4 2 24 82
1 2 24 72
5 2 25 91
2 2 25 92
8 2 24 92
5 2 26 82
6 2 29 87
7 2 29 87
5 2 31 82
4 2 31 83
3 3 31 82
2 2 30 83
8 2 47 1