1809
101
5 10 1 1
5 9 2 15
4 3 1 8
1 5 8 6
2 4 8 5
1 5 8 4
2 7 8 3
1 9 8 2
2 11 8 1
1 12 8 1
2 12 7 1
1 11 6 1
2 10 5 1
1 9 4 1
2 8 3 1
1 7 2 1
2 6 1 1
1 6 1 1
2 6 1 1
1 6 1 1
2 6 1 1
1 6 1 1
2 6 1 1
2 6 2 1
1 10 2 1
2 4 1 1
3 3 1 6
7 4 2 5
6 4 2 5
4 4 3 5
3 5 3 5
5 6 3 6
4 4 2 6
1 3 1 6
1 4 2 6
4 6 9 5
3 6 9 5
6 5 3 5
7 5 9 5
6 6 9 5
5 6 9 6
7 4 2 6
3 6 9 5
5 5 2 6
3 6 3 5
4 5 2 6
4 5 5 6
1 8 5 6
5 5 4 9
1 4 2 6
3 3 1 6
1 3 1 1
8 3 3 4
4 3 5 13
3 3 4 11
2 3 4 10
6 3 6 10
5 3 6 9
5 3 9 9
1 3 11 9
5 3 13 9
6 3 15 10
4 2 1 8
3 3 1 7
7 4 3 6
3 4 9 5
6 3 3 6
4 3 3 8
2 2 1 7
4 3 5 8
7 2 1 3
6 2 1 3
7 3 4 3
6 3 4 3
4 3 5 3
2 2 1 1
8 2 2 2
8 2 3 4
5 2 2 4
3 2 2 5
2 2 2 5
1 2 2 5
5 2 5 12
7 2 5 9
1 2 5 9
7 3 16 9
8 2 5 8
6 3 16 8
5 2 11 7
4 3 11 6
3 4 11 4
7 3 13 5
3 3 15 5
2 2 11 5
4 2 12 11
4 3 19 11
6 2 12 5
5 2 13 12
2 2 13 5
2 2 14 9
5 2 20 12