15631
2451
5 11 24 19
5 9 42 77
8 9 57 95
1 9 72 26
8 8 49 53
2 7 38 69
8 7 50 13
7 7 54 16
7 7 63 31
2 7 90 61
2 6 21 36
3 8 64 37
8 6 35 70
7 6 62 47
1 6 76 34
7 6 88 98
6 6 97 42
2 5 3 99
5 6 19 96
3 6 21 97
7 5 7 36
2 6 59 35
3 5 10 41
5 5 12 60
4 6 40 57
6 6 54 56
4 7 86 59
6 7 86 57
2 5 14 60
1 5 15 18
2 5 17 16
8 7 91 14
3 6 83 18
1 5 19 55
7 5 19 48
2 5 20 50
7 5 20 31
3 5 24 53
7 5 24 37
1 6 58 37
8 5 24 3
7 5 25 45
6 7 29 44
3 7 64 43
2 5 26 24
2 5 27 57
8 6 27 58
3 5 28 55
1 5 29 100
5 5 29 73
2 7 82 76
8 5 30 95
5 5 34 61
1 5 35 51
5 5 37 54
3 5 40 42
3 6 69 40
2 5 45 95
8 5 46 37
7 5 48 76
8 5 48 1
7 6 76 3
4 5 50 8
2 6 98 7
6 5 53 56
8 5 53 35
4 5 54 78
2 5 59 45
4 5 65 82
5 5 66 9
6 5 71 4
8 5 73 41
5 5 73 19
6 5 75 12
5 5 79 47
5 5 81 3
8 7 80 3
8 5 82 23
5 6 85 24
4 5 86 24
8 5 88 72
5 5 92 50
4 4 3 40
1 6 10 43
7 7 48 43
5 5 82 41
4 6 85 38
4 4 4 65
3 10 12 66
6 6 10 67
7 7 68 66
8 6 9 66
1 7 26 64
4 7 34 66
2 7 46 65
1 5 31 65
6 5 58 64
2 4 4 55
3 4 5 36
1 6 17 36
7 5 43 36
4 6 73 35
8 4 5 14
1 6 33 14
4 6 73 12
7 5 56 11
1 6 55 11
1 4 6 48
4 5 16 46
8 5 89 46
6 4 5 48
4 5 25 47
6 4 6 27
1 6 12 27
7 5 56 26
8 4 4 25
7 4 7 30
1 6 53 30
1 4 8 33
7 4 10 67
3 5 11 67
7 4 16 83
4 6 59 83
2 5 42 83
2 4 16 78
4 4 17 21
7 6 82 22
3 6 82 24
1 4 18 47
2 4 19 92
5 7 86 93
5 4 19 56
4 5 52 56
6 5 55 55
5 5 62 57
8 4 19 47
1 5 49 48
4 4 21 73
6 4 21 8
8 4 22 11
5 5 22 11
3 5 68 12
8 5 94 7
1 4 24 72
5 7 29 73
7 4 25 85
8 4 27 73
3 4 30 92
8 4 30 61
7 6 37 59
1 6 37 60
4 4 32 95
3 4 34 65
2 4 38 57
8 4 39 1
6 5 41 2
1 4 40 55
1 4 40 19
5 5 48 19
6 5 74 20
6 5 84 20
8 4 39 20
4 4 41 37
7 4 43 27
1 4 45 14
7 4 45 8
8 4 44 7
4 4 48 38
3 4 49 68
7 4 49 36
5 4 49 35
4 4 52 80
5 4 52 18
5 4 53 32
6 4 53 2
7 4 55 9
4 5 86 10
8 5 86 12
7 4 56 70
3 5 55 71
8 4 56 32
3 5 73 31
1 4 56 18
8 5 68 16
5 4 58 4
3 4 59 37
1 4 59 17
2 4 60 98
1 4 60 4
7 4 64 25
7 4 67 48
4 4 67 43
2 4 67 24
4 5 68 24
5 4 66 23
2 4 68 2
5 4 69 57
2 4 69 58
6 4 69 40
1 4 69 24
4 5 71 21
5 4 68 25
4 4 70 51
7 4 72 91
5 4 73 55
8 4 73 40
1 5 85 38
5 4 74 52
7 4 74 44
3 4 75 43
7 4 76 13
1 6 77 16
6 4 77 10
8 4 77 3
8 4 78 53
6 4 80 28
2 4 81 31
5 4 82 61
7 4 83 32
8 4 85 64
1 4 86 45
4 4 90 88
3 4 87 88
8 4 86 88
5 4 87 89
2 4 92 86
4 3 2 77
4 3 2 68
3 4 42 69
4 4 85 68
4 3 2 48
6 5 15 48
1 4 10 46
6 8 58 46
6 5 72 52
4 5 78 51
7 5 85 52
6 4 41 50
4 4 51 50
7 4 70 49
8 3 2 48
2 4 31 46
7 4 39 47
5 4 51 48
6 4 74 46
1 3 2 40
3 4 15 40
5 4 29 40
1 4 31 40
3 4 49 37
6 4 56 38
8 3 2 9
7 4 7 10
1 5 15 8
2 4 50 11
6 5 63 12
4 3 1 7
2 5 28 7
7 4 33 5
4 4 43 5
8 5 66 4
6 4 50 9
5 5 66 11
3 5 66 10
7 4 62 5
6 4 67 5
7 3 3 67
5 3 3 68
7 4 57 67
2 3 3 68
4 4 58 67
7 4 83 70
1 4 82 70
2 3 3 62
1 4 43 62
1 4 69 61
5 3 3 58
2 4 6 56
4 4 15 59
3 5 41 57
5 5 45 56
7 4 23 59
8 4 34 56
6 4 41 56
3 4 54 56
8 4 59 54
2 4 81 52
4 3 3 35
2 4 36 35
6 4 49 34
7 4 51 36
5 5 56 35
6 4 59 35
1 3 3 3
6 4 59 5
5 3 3 2
1 4 12 2
3 5 14 2
2 4 73 2
6 4 73 2
6 3 4 77
1 5 11 77
7 4 54 76
4 4 56 79
3 4 56 76
1 3 4 66
5 4 16 67
2 4 44 68
2 4 85 71
3 3 5 94
1 3 5 63
3 5 68 64
1 5 68 67
8 3 5 64
6 4 63 62
3 4 83 64
2 3 5 40
2 4 12 40
1 4 23 41
4 6 23 42
4 6 61 39
7 4 26 42
4 4 57 37
5 4 68 42
6 3 5 9
1 3 5 9
8 3 4 9
2 4 63 9
8 4 63 12
4 5 63 11
4 4 76 8
3 3 5 5
3 3 6 98
7 3 5 99
1 4 13 97
7 5 29 98
5 8 58 96
7 5 85 96
8 4 39 94
8 4 51 97
3 4 55 95
6 4 55 94
2 3 6 87
1 4 26 88
3 4 36 85
6 4 57 88
4 4 60 87
4 3 6 83
1 4 6 83
8 3 6 54
8 4 14 52
1 5 42 57
8 4 19 54
2 5 70 53
7 4 32 54
1 4 57 56
3 3 5 54
3 4 9 53
4 4 25 51
7 5 43 52
2 4 30 53
7 4 31 56
8 4 36 52
6 3 5 54
7 3 6 42
1 4 28 39
8 3 4 41
4 3 5 40
5 4 35 40
5 3 6 19
5 4 14 15
8 5 15 16
7 5 70 15
4 4 21 18
5 5 37 20
2 4 35 17
1 4 36 23
7 5 65 24
8 4 43 19
5 5 80 21
8 4 59 16
7 4 80 16
3 3 7 12
1 4 63 11
8 3 8 71
4 4 37 71
5 5 77 72
2 3 8 66
7 4 8 66
5 4 32 64
6 4 35 67
3 4 36 63
4 4 37 63
7 5 47 63
7 4 56 63
6 5 62 64
5 4 58 65
3 4 67 64
3 4 73 59
1 3 8 56
7 4 21 55
1 4 33 53
2 4 53 56
7 4 55 54
4 3 8 43
5 5 44 42
2 4 29 44
8 4 29 42
6 3 7 44
8 4 13 45
3 4 49 44
8 4 68 42
3 3 9 68
8 4 28 68
4 3 9 2
1 5 30 1
5 4 43 1
2 4 43 3
6 3 10 83
4 4 54 83
8 4 57 85
6 6 60 86
1 4 81 85
7 3 9 81
1 5 80 79
7 4 81 81
8 3 10 33
8 5 15 33
6 4 35 34
1 4 53 33
5 5 66 32
7 3 10 25
7 5 13 25
3 6 52 22
3 5 15 24
8 5 21 26
4 6 42 26
7 3 11 46
7 4 45 47
4 4 52 48
1 5 57 48
6 4 54 50
6 4 57 47
4 3 10 46
6 3 11 25
7 4 22 25
3 5 25 26
1 5 45 26
5 5 56 27
3 4 20 26
2 4 36 24
4 4 63 20
5 4 64 26
1 4 77 28
2 3 10 25
1 5 38 24
4 4 42 25
7 4 51 24
4 3 10 26
1 4 25 26
6 5 33 28
8 4 43 28
5 3 11 22
6 5 22 21
4 5 28 21
8 4 25 23
2 4 26 22
7 4 58 22
7 6 72 20
3 4 63 20
2 3 10 22
4 4 53 21
3 3 11 12
6 3 11 5
1 4 31 6
4 4 32 7
1 4 42 7
2 4 49 3
7 4 48 4
5 4 70 9
6 3 12 89
7 4 35 90
8 4 61 91
4 4 64 91
7 3 12 77
2 4 59 78
8 3 12 77
5 4 20 75
3 4 49 76
4 5 53 75
1 4 60 77
5 4 60 79
7 4 81 73
5 3 12 20
7 4 25 20
3 5 58 20
1 4 26 19
8 3 12 11
7 3 12 10
6 5 29 9
6 5 43 8
8 4 25 10
4 3 12 5
6 4 53 3
7 3 12 6
8 4 47 6
6 3 12 5
3 3 13 9
5 3 13 4
8 5 40 7
7 4 65 3
2 3 14 88
2 4 35 89
8 3 13 88
1 4 28 87
7 6 57 88
5 4 30 87
4 3 14 31
5 3 15 62
3 4 22 61
6 4 39 58
6 4 70 63
7 3 15 61
3 4 16 61
7 4 48 60
1 3 16 85
7 4 61 86
4 4 61 87
2 3 16 84
4 3 15 83
1 4 46 85
6 4 66 84
4 3 16 36
6 4 65 40
2 3 16 36
2 4 28 34
8 4 49 36
1 3 16 11
5 4 27 13
2 3 16 12
5 3 17 89
6 4 37 89
8 4 57 91
8 4 61 88
6 4 87 91
4 3 17 88
1 4 55 88
3 6 54 86
2 4 55 87
4 3 17 57
2 3 17 44
3 3 17 37
4 4 50 38
2 3 18 72
5 4 46 72
2 4 79 74
5 3 18 45
3 3 18 19
2 5 56 20
3 3 19 79
3 3 19 72
7 3 19 43
6 4 56 44
4 3 19 43
7 3 20 73
3 4 72 71
6 4 72 74
7 6 72 72
4 3 20 70
1 3 20 19
6 3 19 20
5 3 19 19
3 4 44 16
5 3 20 12
7 4 46 11
8 3 21 93
3 3 21 78
6 3 21 63
6 3 21 60
1 4 44 61
7 3 21 61
4 3 19 59
4 4 40 60
8 6 45 60
8 4 58 62
1 3 19 60
5 6 29 59
2 5 45 60
3 4 41 59
3 4 50 62
8 4 60 61
2 3 19 59
1 4 19 58
3 4 54 58
5 3 18 58
7 4 45 57
4 3 17 57
3 4 34 55
2 3 17 56
8 5 18 56
1 5 24 55
4 4 18 58
3 4 24 56
3 4 32 53
6 3 18 59
6 4 28 58
6 3 19 58
5 3 21 48
1 3 21 35
2 4 55 38
7 4 55 37
5 5 57 38
6 3 20 35
5 4 23 35
8 4 22 35
4 4 39 35
5 4 37 34
8 3 21 17
6 3 21 8
4 4 20 8
4 3 22 100
5 4 22 98
3 4 57 97
5 4 67 96
2 5 69 96
4 3 22 59
7 3 22 37
7 4 59 39
7 3 22 3
2 3 22 4
5 4 41 4
4 4 63 3
1 4 72 6
4 3 23 67
8 3 23 21
4 3 22 19
7 3 23 12
4 3 24 93
7 3 24 53
5 5 27 53
6 3 23 53
5 3 23 53
4 3 22 54
6 3 22 53
4 3 25 25
1 3 26 95
2 3 26 74
3 4 63 76
6 3 26 75
3 3 26 64
1 4 40 64
6 3 26 62
7 4 26 62
8 4 27 63
5 4 31 62
8 4 41 60
3 3 25 62
6 4 38 61
2 4 54 62
8 4 58 64
4 4 58 65
4 3 26 48
3 3 26 31
1 5 70 31
4 4 69 32
7 3 26 30
2 4 63 29
5 3 27 97
2 6 73 96
1 4 67 95
7 4 66 97
4 3 27 79
3 5 74 78
3 4 60 80
4 5 61 78
6 4 64 78
3 3 27 38
8 3 27 37
2 3 27 38
6 3 27 30
3 4 56 27
8 3 28 89
6 3 28 91
3 4 37 89
3 3 28 76
2 4 54 74
1 4 58 74
3 4 57 75
2 4 74 79
1 4 75 76
2 3 28 45
7 5 49 44
1 4 30 46
8 3 28 37
1 4 31 39
2 5 42 37
1 4 53 39
4 3 28 33
5 4 34 33
5 4 74 30
7 3 28 31
4 3 27 29
1 4 37 28
2 5 38 27
4 4 37 29
3 4 36 30
1 4 71 31
1 3 28 5
4 5 51 3
3 4 31 4
3 4 49 2
2 3 28 6
8 3 29 26
4 4 46 27
2 3 29 27
6 3 30 59
7 4 49 59
2 3 31 70
7 4 37 70
2 6 45 68
8 4 53 69
6 4 65 70
6 3 31 41
8 4 43 39
5 4 43 36
8 3 31 9
8 3 32 97
4 4 32 98
4 4 38 96
6 4 38 96
2 3 32 96
6 5 32 96
5 3 32 73
4 4 54 74
1 3 32 71
2 3 33 48
2 4 38 46
3 3 33 20
8 3 34 95
3 4 62 94
2 3 33 94
3 4 34 94
2 4 71 91
3 3 34 82
6 4 72 80
8 5 71 77
6 3 34 31
4 3 35 81
3 3 35 47
8 4 38 47
2 5 48 45
1 3 35 49
2 4 54 49
5 4 73 50
6 3 35 37
8 4 46 37
1 3 36 37
8 3 35 38
2 3 35 39
7 3 34 39
1 3 34 38
3 4 50 39
8 3 36 29
2 3 36 5
8 3 37 92
5 4 37 93
4 4 56 89
1 3 37 54
2 3 37 33
3 3 36 34
7 3 37 26
3 4 41 26
4 3 38 98
1 3 38 89
7 3 38 82
1 3 39 68
4 4 39 68
4 3 40 58
6 3 40 51
2 3 40 36
6 3 41 83
2 4 69 82
2 5 74 81
6 3 41 15
1 3 42 91
8 4 45 90
3 4 60 89
2 3 42 62
4 3 42 41
3 4 42 39
6 3 42 42
6 3 42 35
5 4 51 35
5 3 43 65
8 3 43 28
8 3 44 81
7 4 45 78
2 3 44 80
6 3 44 58
1 3 44 53
6 3 43 54
7 3 44 47
5 4 52 47
2 3 43 48
4 3 44 23
5 3 45 62
6 3 45 38
8 3 47 10
4 3 48 93
8 3 49 86
5 3 49 31
1 3 50 50
8 4 51 50
3 4 50 49
7 3 50 49
5 3 50 49
8 3 50 49
2 3 50 18
4 3 51 70
1 3 51 71
2 3 51 71
7 3 51 25
8 3 53 78
5 3 53 75
1 3 53 43
4 4 54 44
1 3 54 64
3 3 54 2
8 3 55 100
1 3 55 43
2 3 54 42
4 3 55 28
7 4 54 27
8 4 60 29
5 3 57 15
5 3 58 92
1 4 60 90
6 3 58 73
2 3 58 28
3 3 58 28
3 3 59 97
7 3 58 97
5 5 59 96
7 3 59 91
3 3 59 44
7 3 61 98
5 3 62 98
4 3 63 28
1 4 64 29
3 4 64 30
3 3 65 78
3 3 66 16
3 4 72 15
6 3 67 89
6 3 67 1
6 3 70 84
3 3 70 83
5 3 69 81
1 3 69 81
2 3 70 6
3 3 74 85
2 3 74 74
4 3 73 75
1 3 76 90
7 3 76 85
8 2 1 99
7 3 33 97
6 3 56 98
5 3 56 96
1 3 59 95
4 2 1 92
4 4 21 92
4 3 7 91
7 3 12 93
4 4 32 94
6 3 12 94
7 3 19 93
2 5 56 92
3 4 65 90
8 4 70 92
5 3 19 92
1 3 19 94
6 4 18 92
8 3 17 94
1 4 30 94
4 6 39 95
7 5 33 91
3 4 29 96
3 4 39 98
4 4 58 91
2 3 17 93
1 4 31 94
6 4 33 92
7 4 35 90
4 4 39 93
5 4 60 91
5 3 19 95
3 4 32 96
7 3 19 93
6 4 31 95
4 3 26 94
1 4 45 91
2 4 46 89
4 3 28 96
1 3 30 94
1 3 31 97
5 3 31 93
7 4 45 93
3 3 43 93
3 3 44 95
1 3 60 89
8 3 60 89
6 3 59 90
8 3 63 99
6 2 1 93
6 3 5 92
6 3 24 94
5 4 25 95
8 3 25 95
2 3 28 95
7 3 28 97
8 3 38 94
3 2 1 91
4 3 11 91
3 3 16 89
7 3 17 91
1 3 50 88
5 2 1 56
8 3 27 56
7 4 28 58
7 4 35 54
1 3 35 58
1 2 1 57
5 3 22 57
8 3 29 59
6 3 33 57
8 2 1 57
4 3 7 58
1 3 8 56
5 3 16 56
7 3 16 58
7 2 1 43
8 3 4 44
1 4 32 45
3 3 27 46
2 4 57 43
7 3 56 46
1 3 55 44
2 2 1 36
5 3 9 35
3 3 17 34
7 4 30 34
2 3 17 35
3 4 20 35
3 5 25 33
2 5 32 35
7 4 31 36
8 4 36 34
6 3 19 35
5 3 19 37
4 3 19 34
6 4 61 32
8 3 21 35
6 3 21 34
1 3 22 36
8 3 24 33
7 3 24 32
4 4 29 33
6 4 48 32
2 3 25 30
1 3 26 36
8 4 25 35
3 3 27 29
5 4 27 28
5 4 55 31
6 4 64 31
3 3 28 38
5 3 28 36
3 3 32 37
7 3 31 36
5 3 35 30
7 4 52 32
8 5 51 32
2 4 52 32
3 3 36 34
8 4 58 31
1 2 1 25
7 3 14 26
1 3 16 25
8 3 16 25
2 4 22 26
5 3 16 24
6 4 21 22
6 3 20 27
7 3 29 22
7 3 35 27
2 3 36 24
7 3 38 20
6 4 51 21
7 4 56 20
7 3 41 27
8 3 48 24
4 3 56 20
4 2 1 20
7 4 4 20
8 4 4 20
8 4 13 23
5 3 12 23
4 4 50 22
7 3 20 22
6 3 22 22
1 3 21 23
5 3 23 21
8 3 23 23
5 3 27 19
2 3 45 22
7 2 1 19
7 3 14 20
8 3 14 20
1 3 33 19
6 3 34 20
1 3 44 22
1 2 1 18
6 3 30 16
2 4 60 16
4 3 38 16
4 2 1 14
2 3 17 15
7 3 18 15
4 3 22 16
1 4 41 16
8 3 32 14
1 3 32 14
2 3 31 14
4 3 41 17
1 3 49 14
2 3 55 13
4 4 60 13
6 3 55 14
5 2 1 10
5 3 23 11
2 3 26 11
1 3 25 9
4 3 26 10
3 5 34 9
7 3 32 7
6 3 34 6
7 3 36 5
8 3 41 5
2 3 40 5
1 3 39 3
6 3 43 13
2 3 45 3
5 5 53 2
4 3 69 7
2 2 1 8
3 3 34 7
8 2 2 99
3 4 2 98
1 3 15 98
7 3 21 97
6 3 20 98
6 3 24 98
7 3 24 98
8 3 24 99
1 3 38 99
7 2 2 95
6 2 2 95
4 3 2 95
2 3 8 96
3 4 11 95
5 3 10 96
4 3 10 96
8 3 11 98
1 4 34 98
5 3 12 98
6 3 11 99
5 5 25 99
2 3 29 96
2 3 30 99
8 4 30 99
6 3 31 95
8 2 1 94
7 4 2 93
7 3 10 96
8 3 10 91
7 3 11 96
6 3 11 97
8 4 21 94
7 4 28 97
4 3 10 97
8 3 17 94
1 3 17 95
5 3 17 95
2 3 20 97
6 4 28 98
1 3 24 99
4 3 26 97
5 3 29 90
4 4 46 88
4 3 43 90
5 3 57 89
3 4 57 89
5 2 2 94
6 2 2 93
5 3 34 92
2 3 40 90
8 2 2 90
5 3 14 89
1 3 13 89
5 4 16 89
5 3 34 88
4 3 33 89
5 3 42 87
7 3 43 88
2 3 42 87
8 3 45 90
3 3 53 86
5 5 53 87
7 4 53 85
8 3 73 84
1 2 2 88
6 3 34 88
2 2 2 85
6 2 2 81
5 4 6 81
7 3 3 81
8 3 6 80
5 3 6 81
6 3 7 83
2 3 6 84
7 4 19 84
5 3 9 82
2 3 9 83
6 3 12 79
5 4 58 79
4 3 17 84
7 3 25 83
2 3 29 82
6 3 32 78
4 5 58 76
2 3 43 81
8 3 43 80
5 4 58 78
8 3 57 79
4 3 57 81
8 2 2 76
5 4 15 76
6 3 15 76
3 3 34 75
7 3 37 73
2 4 55 73
4 3 38 77
7 3 43 75
5 4 62 73
1 3 44 74
2 3 59 78
4 3 61 77
6 2 2 63
8 3 13 63
5 4 18 63
2 5 32 63
6 4 31 62
4 3 23 62
6 4 23 61
1 4 27 61
1 3 23 64
5 3 26 58
7 3 30 57
8 3 31 57
2 3 29 56
4 3 28 56
7 3 36 59
4 3 41 61
7 2 2 63
3 3 6 63
7 3 10 65
8 3 21 67
6 4 36 67
1 3 32 68
8 5 33 68
1 4 31 66
5 4 31 67
5 4 42 67
8 4 43 66
8 3 33 66
2 4 35 66
6 4 44 69
1 3 56 69
4 2 2 63
1 3 7 63
4 3 8 63
4 3 14 62
2 3 34 63
8 4 33 62
3 3 36 64
6 3 36 65
1 2 2 59
6 3 35 60
7 2 2 56
2 3 15 54
4 4 16 54
6 3 15 52
4 3 20 51
2 3 21 50
5 3 20 50
7 4 56 50
1 3 27 56
3 3 48 49
6 2 2 57
5 3 26 56
7 2 2 58
3 2 2 57
3 3 12 57
2 3 12 58
8 3 12 57
6 3 11 57
1 3 11 57
8 3 16 59
5 3 21 60
2 2 1 57
3 4 9 57
2 3 2 57
6 4 3 59
7 3 4 60
8 3 4 60
3 4 10 61
2 3 17 60
4 3 18 61
2 3 25 59
5 3 27 62
1 2 2 50
4 4 52 49
6 3 52 50
2 3 52 51
6 2 2 50
7 3 21 48
1 3 21 50
5 3 27 48
1 3 27 50
3 4 30 48
8 3 27 48
5 4 29 48
7 5 32 50
2 3 31 48
1 3 32 47
8 3 42 52
1 2 2 39
2 4 28 38
6 3 20 40
2 4 20 40
8 3 22 38
5 3 25 40
5 4 42 39
8 3 27 39
7 4 41 41
5 3 33 40
4 4 42 41
5 4 42 43
6 4 42 41
6 3 38 41
8 3 42 42
1 3 42 43
5 3 42 42
2 3 47 44
7 3 47 45
3 3 49 43
5 2 2 36
8 3 2 34
5 3 11 34
8 3 18 33
1 2 2 37
7 3 16 36
4 3 16 34
7 3 26 33
2 3 34 31
2 2 2 35
3 3 7 36
6 3 9 35
8 3 9 36
6 3 10 36
2 3 11 37
5 3 10 36
4 3 9 34
7 3 8 35
1 3 11 37
3 3 18 34
7 3 18 33
6 3 19 32
5 4 18 31
6 3 24 38
4 3 25 39
2 3 28 32
6 2 2 35
1 3 10 34
7 3 10 36
4 3 12 36
6 3 15 37
1 3 28 39
4 4 28 38
2 3 28 41
1 2 2 28
6 3 14 29
5 4 22 28
4 3 22 31
3 3 24 27
5 3 27 26
4 3 48 26
7 3 48 28
4 2 2 20
2 2 2 20
4 5 33 19
3 3 25 20
5 2 2 17
4 3 23 15
2 4 33 15
3 4 38 17
7 3 38 17
7 3 41 17
8 2 2 5
8 2 2 3
7 3 4 3
5 4 43 4
8 3 4 2
4 3 7 3
6 3 42 3
5 3 61 6
3 2 1 3
1 4 6 3
3 3 6 2
5 4 7 1
3 3 12 4
7 3 12 2
4 3 25 3
5 2 1 3
4 4 13 1
1 3 5 3
5 3 6 5
8 4 6 4
1 4 35 1
6 3 5 6
3 3 8 8
6 3 11 5
5 3 11 5
1 3 19 5
3 4 21 4
1 3 25 10
5 3 27 1
4 3 31 6
7 3 31 2
4 3 43 7
1 2 2 1
7 3 25 1
4 2 2 2
2 3 14 1
2 3 30 1
3 3 36 1
1 2 3 86
8 2 3 73
1 3 18 72
5 4 42 73
5 3 20 73
5 4 47 70
7 5 47 70
3 3 19 74
2 3 19 74
1 4 34 73
5 4 50 75
4 3 22 72
7 3 27 74
8 4 42 74
5 3 35 76
5 3 37 78
3 3 42 78
7 3 47 76
2 3 48 74
1 3 52 80
2 2 2 73
3 4 33 74
8 4 49 72
7 3 34 73
1 2 3 62
7 2 3 60
8 4 16 59
1 3 28 62
5 3 28 63
3 3 27 62
5 3 35 64
1 3 34 64
4 2 3 59
7 4 9 59
1 3 3 59
7 2 3 45
5 3 36 45
4 4 40 45
6 3 35 46
1 4 47 44
4 2 3 44
8 3 5 44
8 3 38 43
8 4 41 42
2 2 3 44
3 4 14 44
1 3 28 45
2 3 32 44
2 2 3 34
3 2 3 34
6 2 3 35
8 3 4 35
3 3 10 36
5 4 11 37
7 3 11 39
2 3 29 39
8 3 29 40
8 3 32 40
5 2 3 30
4 3 14 29
6 3 15 28
3 4 16 30
7 4 15 29
2 3 16 31
3 3 29 31
4 3 32 32
4 3 33 27
7 3 37 30
6 2 3 13
6 3 17 14
2 3 21 13
3 3 21 14
5 3 35 11
5 3 55 15
5 2 3 11
7 3 26 9
6 3 26 10
1 2 3 11
1 2 3 7
8 3 28 5
2 3 32 8
7 3 49 7
4 2 2 6
4 3 3 5
4 3 44 7
5 3 44 7
6 2 3 4
3 3 4 4
8 3 7 5
8 4 29 4
1 3 9 5
5 3 12 3
2 3 15 3
7 3 39 1
2 2 2 4
2 4 5 3
4 3 2 4
4 3 11 3
8 3 14 2
3 2 3 4
6 3 8 3
4 2 4 98
4 3 18 98
5 4 21 98
2 2 3 98
2 3 8 96
2 3 18 98
6 2 4 99
4 2 4 100
4 4 9 100
3 4 15 98
7 3 4 99
6 2 4 97
4 3 7 96
6 3 17 95
4 3 20 96
1 2 4 93
1 2 4 89
7 2 4 67
4 3 34 66
3 2 3 67
2 4 11 66
7 4 12 68
8 3 12 68
2 5 33 68
5 4 11 69
3 4 30 67
7 5 28 64
6 3 10 67
6 4 29 68
4 3 11 69
6 6 11 69
7 4 28 69
1 3 16 68
7 3 17 69
1 3 15 69
8 4 19 67
4 3 19 65
6 3 20 67
1 3 21 68
6 2 4 56
4 3 7 57
7 3 16 55
7 2 4 56
8 3 7 55
2 4 24 55
5 3 7 55
8 3 21 54
6 4 21 53
3 3 25 52
6 3 26 54
5 3 24 54
8 3 48 51
2 2 4 55
2 3 6 56
3 3 15 55
7 3 20 53
5 3 31 51
4 3 31 52
2 3 30 52
3 3 30 53
7 3 32 52
2 3 31 52
3 3 45 51
2 3 44 51
5 2 4 42
3 3 3 41
8 3 21 41
3 2 4 17
1 3 15 17
8 4 30 16
1 5 36 15
7 3 19 17
5 3 18 18
1 3 24 18
8 3 37 18
1 2 3 17
8 3 45 16
2 2 2 17
4 3 16 15
1 4 16 13
3 3 16 13
6 3 25 18
2 4 26 19
6 4 41 21
8 4 41 21
5 3 39 13
2 3 40 21
3 3 48 13
1 3 47 13
7 2 2 18
6 3 21 17
3 3 38 16
5 3 44 14
4 3 44 16
6 3 43 16
5 2 4 14
8 3 6 15
5 4 19 15
4 3 9 13
5 3 12 12
2 4 36 10
5 3 25 16
7 4 26 16
6 3 25 18
2 3 26 17
4 3 29 15
6 3 40 15
7 2 3 14
4 3 3 13
2 5 14 12
8 3 9 14
7 4 19 14
3 4 18 13
2 4 38 12
6 3 25 15
1 3 25 15
4 3 28 10
4 3 34 11
7 3 37 11
6 3 44 9
6 2 2 14
8 3 13 14
2 3 23 15
7 2 1 14
6 4 6 14
4 3 9 15
8 3 16 15
1 2 1 13
3 3 23 11
8 2 1 14
1 3 14 13
1 2 3 13
4 3 19 11
6 3 19 11
1 3 30 9
3 3 31 11
7 2 4 12
2 2 4 11
3 2 3 11
8 3 21 11
8 2 4 7
3 3 5 6
1 4 11 7
1 3 38 7
4 2 4 2
5 3 10 1
7 2 4 2
4 3 24 1
3 2 5 95
6 2 5 91
7 3 8 89
7 3 17 87
3 5 20 88
4 3 17 89
6 3 19 87
7 4 58 87
3 3 57 86
6 3 57 86
5 3 56 86
2 2 5 91
1 3 33 90
1 2 5 85
5 3 17 83
2 4 43 84
1 3 31 85
6 3 33 84
1 3 40 85
4 3 44 83
3 3 47 83
8 3 47 83
3 2 5 80
8 4 51 79
7 3 16 79
1 3 29 80
2 3 34 78
5 3 34 80
4 4 46 81
2 4 47 79
6 3 36 80
1 5 40 81
7 4 40 81
2 4 44 83
7 4 44 82
1 3 37 82
8 4 45 83
3 3 43 80
4 3 43 79
8 3 45 79
2 4 46 82
6 3 46 78
7 3 45 78
5 2 5 69
3 3 37 69
2 3 36 70
7 3 47 71
1 2 4 69
7 3 31 69
8 2 3 68
5 3 19 69
4 3 19 69
8 3 30 70
6 4 33 71
2 3 33 74
2 3 33 75
1 3 33 71
8 3 36 70
2 3 43 70
2 3 44 77
1 6 44 75
5 3 43 77
4 3 45 73
5 3 47 71
6 2 3 68
3 3 16 68
8 5 16 69
5 3 16 71
5 4 24 68
6 2 5 66
1 3 35 66
8 2 5 66
3 4 10 66
4 3 12 66
7 4 18 65
2 3 15 66
6 3 21 64
4 3 27 64
7 2 5 65
5 2 5 65
8 3 18 64
4 3 22 62
2 3 23 64
1 3 21 63
6 2 5 60
3 2 5 59
5 2 5 58
6 2 5 58
4 2 5 54
2 3 9 52
1 3 18 53
2 2 5 48
1 4 18 48
3 3 19 49
4 2 5 37
4 2 5 34
1 3 5 33
8 3 12 32
1 3 18 32
3 2 4 32
1 3 18 32
3 3 29 33
5 2 4 33
5 3 10 31
8 2 4 32
7 2 3 31
3 3 20 31
8 3 20 29
4 3 20 31
8 4 39 29
2 3 24 28
4 4 24 29
8 2 5 20
4 3 6 18
3 4 19 20
8 4 23 20
2 3 13 19
5 3 15 17
1 3 15 19
2 3 20 22
7 3 22 16
8 3 23 16
1 3 29 16
3 4 29 15
6 2 5 4
5 2 5 5
7 2 4 5
1 2 3 5
5 3 11 6
7 4 11 7
5 3 19 7
2 2 5 6
6 3 5 7
3 4 23 6
5 5 23 8
8 3 12 6
3 3 16 7
2 5 26 6
5 4 42 8
8 3 20 7
3 3 26 6
4 2 5 8
1 4 29 6
5 3 10 9
6 2 4 8
2 3 13 7
1 3 19 7
5 3 23 6
2 3 30 7
2 2 3 8
2 3 29 8
8 2 3 8
3 3 3 8
2 3 14 7
6 2 4 9
8 2 6 96
2 3 17 96
7 3 16 95
5 2 6 93
3 3 14 94
6 3 16 93
3 3 28 91
7 3 32 93
4 2 6 92
4 2 6 87
8 3 26 88
5 3 26 89
5 3 40 85
1 3 44 84
5 2 6 78
7 3 29 78
8 3 36 80
3 4 36 79
8 2 5 78
8 3 32 79
2 3 36 77
7 3 36 77
8 4 42 75
6 2 6 77
4 2 5 76
8 2 6 76
7 4 10 75
1 3 29 77
2 3 35 73
3 3 42 75
5 2 6 65
2 3 8 64
7 3 18 63
4 2 6 57
2 3 8 56
8 3 8 56
2 2 6 58
3 3 6 57
5 2 5 58
6 2 6 56
4 3 10 55
3 2 6 46
1 3 7 46
3 3 18 45
3 6 29 43
1 4 29 45
6 3 19 47
8 3 30 46
3 3 30 47
5 3 39 42
7 2 5 46
6 5 11 45
6 3 8 46
1 4 10 48
2 3 14 44
8 4 13 44
5 4 13 45
1 4 13 46
6 3 20 47
5 3 20 45
2 3 21 46
6 3 29 43
3 2 6 42
7 4 22 42
3 3 12 40
4 3 18 42
2 4 30 42
8 3 27 43
7 2 5 42
4 3 30 42
2 2 6 36
5 3 7 37
7 2 6 38
1 2 6 28
7 3 6 26
1 3 12 27
4 3 26 26
3 2 5 28
5 4 22 28
5 3 13 26
6 4 26 25
2 4 28 24
7 3 20 28
2 3 20 28
6 3 28 30
7 3 28 23
5 5 28 24
5 3 30 28
6 2 5 28
8 3 6 27
1 3 25 27
2 2 5 26
1 2 6 25
5 2 5 24
1 3 25 22
5 2 6 10
1 2 6 1
7 2 6 1
6 2 7 94
3 3 7 93
5 3 14 95
4 2 7 94
1 3 6 94
3 3 9 93
5 3 9 95
3 3 13 93
1 3 23 91
4 3 23 92
8 3 22 90
2 2 7 94
7 3 7 93
8 3 14 91
2 3 14 92
2 4 17 94
6 4 24 91
3 3 24 92
1 2 6 92
6 3 8 92
6 2 6 93
8 2 7 90
7 3 27 90
2 2 6 90
7 4 18 89
4 3 8 88
2 3 12 90
1 3 17 91
5 3 16 91
8 3 17 89
4 4 18 91
4 3 17 89
6 3 17 88
6 3 25 87
2 3 32 87
3 3 39 86
1 2 6 90
5 2 6 89
8 3 10 88
5 3 10 89
3 3 11 90
7 3 10 91
6 2 6 89
6 2 7 89
8 3 19 88
4 2 7 90
3 3 13 90
4 4 14 89
8 2 7 87
2 3 7 88
3 5 7 86
2 3 8 86
7 3 11 86
2 3 16 87
6 2 6 86
7 2 6 86
1 3 11 86
3 3 14 86
4 3 27 85
3 2 7 86
6 3 7 85
7 4 15 87
1 3 7 84
8 3 7 83
8 3 11 84
5 3 12 87
3 3 12 88
6 3 16 88
1 3 16 82
2 3 20 80
7 3 36 78
5 3 37 80
8 2 6 86
7 3 27 85
5 2 7 79
1 3 7 79
8 3 21 80
4 3 36 77
3 3 37 81
5 4 39 82
7 2 6 79
3 2 7 79
4 2 7 71
5 3 12 72
3 3 19 73
4 3 29 72
4 3 34 74
7 3 34 74
8 4 33 75
3 5 34 72
5 3 33 74
4 3 32 74
6 3 33 75
7 2 7 69
8 3 16 67
2 3 16 69
6 3 16 70
3 2 7 69
3 3 10 68
7 3 15 67
6 3 15 68
7 4 17 67
4 3 14 69
6 2 7 65
1 2 7 62
6 3 9 62
2 3 8 62
5 3 9 62
6 2 6 61
4 3 15 62
6 3 19 63
4 2 6 61
3 2 7 45
6 3 10 44
3 3 24 46
7 2 7 45
4 2 6 45
3 3 10 43
5 2 6 45
2 3 6 45
4 2 6 45
7 4 6 45
5 3 6 46
2 3 7 46
3 3 7 48
7 4 18 48
8 3 6 46
4 5 6 46
2 3 6 47
8 2 5 45
4 3 6 46
5 2 6 47
1 2 6 48
7 2 6 47
4 3 8 46
5 2 7 48
6 3 13 49
3 3 13 50
7 3 16 49
8 2 7 47
7 2 7 45
7 2 7 42
1 3 15 41
5 3 15 41
3 3 22 40
7 3 22 40
5 2 7 34
6 2 7 26
3 2 7 24
1 2 7 20
5 3 17 20
5 2 6 20
2 3 16 19
6 2 6 19
5 2 7 14
3 3 13 15
7 3 26 16
4 2 7 10
3 3 7 9
8 3 22 7
1 2 8 95
3 3 8 96
2 3 7 96
2 2 8 87
8 2 8 88
5 4 8 87
2 2 8 89
8 2 8 88
8 2 8 70
2 2 8 69
3 4 20 70
5 3 8 68
7 2 8 63
3 2 8 51
4 3 29 51
6 2 7 50
6 2 8 42
1 3 22 42
5 2 8 26
4 3 24 26
6 2 8 25
7 2 8 24
3 2 8 22
7 3 17 20
5 2 7 22
7 3 6 21
6 2 6 23
3 2 6 22
6 3 8 20
7 4 12 19
4 3 10 22
2 3 9 23
8 3 13 19
5 3 14 21
4 4 19 22
3 3 21 18
8 3 28 21
2 2 5 22
4 2 5 23
8 2 8 16
5 2 8 11
6 2 8 12
4 3 9 13
7 2 7 13
1 2 6 13
5 3 8 13
8 3 15 12
2 2 8 12
4 2 8 10
6 2 8 10
7 3 9 9
6 3 19 8
3 3 21 8
6 2 8 7
3 2 8 1
7 2 7 1
5 3 20 1
1 3 21 1
1 2 9 99
6 3 11 99
8 3 10 99
7 2 9 95
4 2 9 83
5 3 10 83
1 3 13 82
2 3 34 81
7 3 33 80
1 3 39 85
3 2 9 84
6 3 17 83
2 3 17 85
7 3 34 84
2 2 8 83
4 3 26 84
1 3 26 84
6 2 9 83
8 2 9 78
2 2 8 78
1 3 10 77
6 2 8 78
4 3 8 77
7 3 30 75
7 2 7 78
5 2 7 78
8 3 12 76
8 2 8 76
5 3 30 76
8 2 9 76
6 3 18 74
8 2 9 70
7 2 9 44
4 2 9 41
1 2 9 31
5 3 30 31
5 2 9 29
6 3 30 30
7 2 9 30
3 2 9 25
6 2 9 24
6 2 9 17
6 3 10 15
8 2 9 10
7 4 9 9
3 3 14 11
2 2 10 99
7 3 11 100
3 2 10 86
8 3 13 84
4 2 9 86
5 3 23 84
7 3 23 84
8 2 10 79
2 2 10 75
1 3 11 75
8 4 13 72
7 3 16 74
2 3 18 73
8 3 18 73
4 3 18 73
4 3 23 75
3 3 22 75
5 2 9 75
3 3 8 74
6 3 7 74
4 3 7 75
7 2 6 76
3 3 6 76
4 4 8 74
5 3 8 74
6 3 18 77
2 2 5 76
6 2 5 76
2 3 17 76
2 2 6 75
1 2 8 77
7 2 8 74
8 3 9 74
6 2 10 75
7 2 10 70
3 3 14 71
4 3 28 71
5 2 10 65
3 2 10 63
1 3 13 61
8 2 10 44
7 2 10 41
4 2 10 36
6 2 10 34
6 2 10 23
3 3 12 23
4 3 13 24
6 3 12 24
2 3 13 22
8 3 20 25
8 2 10 17
2 2 9 17
7 2 8 17
4 3 26 17
4 2 8 17
3 3 23 17
3 2 8 17
5 2 7 16
4 2 10 11
8 2 10 5
1 2 10 3
6 3 19 1
4 2 11 99
6 2 11 92
2 3 14 92
3 2 11 77
2 2 10 77
3 2 9 77
8 2 9 77
4 4 15 77
5 2 11 53
3 3 23 53
6 3 25 52
8 3 25 50
7 2 11 50
5 3 21 51
1 3 21 49
5 4 24 51
1 2 11 50
6 4 19 50
4 2 11 33
3 3 30 32
6 2 11 32
5 3 12 33
8 3 16 33
1 4 16 31
1 3 18 33
4 3 27 29
7 3 27 30
1 3 26 30
1 2 11 20
1 3 21 21
1 3 22 21
8 3 22 21
6 2 11 7
1 2 11 7
6 3 23 7
5 2 11 6
7 3 10 5
2 3 19 6
3 2 12 86
2 2 12 73
7 3 30 71
6 3 30 72
3 2 11 73
1 3 16 71
6 2 10 73
2 3 14 72
7 4 14 72
6 5 23 73
1 2 9 73
1 2 10 73
6 3 15 72
7 3 15 70
4 3 26 71
8 2 11 74
1 2 11 73
7 2 11 73
4 2 12 70
1 2 12 70
1 2 12 68
5 2 11 68
6 2 10 67
7 2 11 67
8 2 10 66
2 2 10 66
1 2 11 65
7 2 12 53
1 2 12 43
7 2 12 42
4 2 12 19
4 3 17 17
4 2 12 8
8 3 12 7
3 2 11 8
1 3 11 9
7 3 14 6
4 2 10 8
8 2 10 8
3 3 9 8
8 2 8 8
8 2 13 92
1 2 13 92
4 3 15 93
6 2 13 93
5 2 13 92
5 2 13 82
1 2 13 73
3 2 12 72
8 2 13 71
5 2 12 71
8 2 13 69
8 2 13 62
5 2 13 26
1 3 20 25
2 3 19 24
8 3 22 26
6 3 22 25
4 2 13 21
4 2 13 15
6 3 14 16
2 3 14 16
4 2 13 3
6 2 14 92
6 2 14 78
5 2 14 78
7 3 14 79
1 3 14 78
5 2 14 55
1 3 25 53
2 2 14 55
8 2 14 29
6 2 14 28
7 2 14 26
8 2 14 25
1 2 14 25
6 2 14 25
1 2 14 25
3 2 14 18
8 2 14 18
5 2 14 19
8 2 13 19
4 2 14 16
6 2 14 17
3 2 14 15
1 2 13 15
7 3 15 14
3 2 15 92
5 2 15 93
1 2 14 92
2 2 14 92
2 2 15 61
7 2 15 61
3 3 14 61
5 2 15 51
8 3 18 51
1 2 15 52
4 2 15 51
6 2 15 41
7 2 15 38
2 2 15 25
5 2 15 12
1 3 17 12
5 2 15 9
7 2 15 9
4 2 16 79
5 3 31 80
2 2 16 43
4 2 16 43
4 2 16 40
3 2 16 31
7 3 17 31
5 2 16 30
2 3 16 31
6 2 16 30
3 2 16 24
8 2 15 23
3 2 17 72
1 2 17 60
7 2 17 61
3 2 17 26
4 2 16 26
2 2 16 26
6 2 17 12
5 2 16 12
8 2 18 87
3 2 18 86
2 2 18 71
3 2 18 72
1 2 18 51
5 3 25 49
7 3 25 51
4 3 25 49
8 3 24 49
1 3 28 51
4 2 18 50
2 4 17 49
6 2 18 51
4 3 26 51
5 2 17 51
2 2 18 50
6 2 18 51
7 3 17 50
4 3 21 52
1 2 16 51
6 2 15 51
3 3 26 52
2 2 15 51
7 3 16 51
5 2 15 51
4 2 15 51
8 2 15 52
5 3 15 53
4 2 15 54
3 2 15 52
7 2 18 52
4 2 18 52
2 2 18 15
5 2 18 12
2 2 18 2
3 2 18 1
7 2 18 1
8 2 18 1
3 2 19 84
7 2 18 84
5 2 19 84
8 2 19 85
3 2 19 59
7 2 19 42
5 3 19 42
3 2 20 86
4 2 19 85
5 2 20 28
1 2 19 28
6 2 21 99
2 2 21 59
8 2 21 54
3 2 21 43
4 3 21 43
7 2 21 22
1 2 22 81
3 3 22 79
4 4 29 80
3 2 22 61
1 2 22 39
5 2 22 29
3 2 22 29
2 2 22 30
4 2 22 30
5 2 23 80
7 2 23 71
7 2 23 29
1 2 23 29
6 2 23 6
4 2 24 82
8 3 23 81
1 2 24 80
6 2 24 81
3 2 24 79
8 2 24 76
1 2 25 100
7 2 25 30
1 2 24 29
2 2 24 30
5 2 23 30
3 2 25 1
1 2 25 2
2 3 25 1
4 2 26 100
7 2 26 65
8 2 26 65
1 2 26 10
7 2 25 10
7 2 26 1
8 2 27 1
6 2 29 100
1 2 30 23
7 2 29 23
3 2 31 66
1 2 32 100
5 2 33 100
6 2 33 82
5 2 35 65
1 2 36 100
1 2 37 100
7 2 40 82
6 2 42 82
8 2 46 1