15840
2388
5 11 86 19
5 7 8 78
4 7 22 81
5 7 59 5
7 7 69 5
1 7 90 3
4 6 5 23
3 7 60 19
2 6 5 4
7 6 8 79
8 6 13 10
8 9 54 12
7 7 76 11
4 6 18 92
2 6 27 67
6 6 42 26
6 6 49 37
1 7 61 31
4 6 59 63
8 6 61 41
3 7 85 42
8 6 73 29
6 6 75 88
6 6 95 3
1 6 99 85
7 5 3 92
4 5 4 9
3 5 5 28
3 6 21 26
5 5 13 75
8 6 58 72
6 5 13 24
1 6 79 24
3 5 16 36
3 6 48 40
7 5 17 65
6 6 39 65
8 5 19 51
7 5 19 24
6 5 20 23
2 8 56 21
1 6 63 21
2 5 24 59
3 5 26 66
5 5 25 67
5 5 27 22
1 6 42 21
3 5 31 61
5 5 32 31
5 6 61 32
8 5 35 70
8 6 92 72
6 5 36 68
2 5 36 2
6 5 37 17
5 5 42 58
6 7 49 60
2 5 43 30
7 5 44 87
4 5 44 58
6 5 48 16
5 5 50 71
5 5 50 64
7 5 52 95
8 5 61 74
2 6 79 76
3 6 81 72
5 5 62 87
5 5 65 34
1 5 67 81
1 5 69 96
1 5 70 71
4 5 70 22
2 5 71 82
6 5 72 20
4 5 77 61
3 5 78 50
7 5 80 82
4 5 81 84
2 5 84 63
3 5 85 67
1 5 86 92
4 5 90 43
3 5 91 73
5 5 95 30
5 4 3 41
1 5 21 38
3 4 3 22
5 4 5 73
4 4 5 14
2 5 71 16
7 4 6 65
2 5 33 67
7 7 42 64
2 4 5 65
8 6 20 62
6 5 92 61
3 4 5 65
1 6 55 66
4 4 6 8
7 4 8 66
6 5 24 66
3 4 8 17
8 5 25 17
5 6 34 17
8 5 72 15
6 4 10 87
2 4 10 70
5 4 10 45
2 5 38 43
3 5 39 42
3 5 90 41
5 4 11 70
8 5 44 68
8 4 11 68
1 5 40 69
4 5 62 69
5 4 11 39
7 6 63 36
1 5 43 41
1 5 57 42
5 4 14 82
1 5 40 83
7 5 74 80
2 5 87 81
2 4 14 65
3 4 16 3
5 4 17 79
5 7 48 79
1 5 19 79
5 4 18 51
7 5 21 54
3 6 87 52
6 5 36 53
3 4 18 50
7 4 20 84
2 4 19 84
7 5 62 86
1 5 73 85
3 4 21 58
3 6 86 58
3 5 37 59
8 5 45 60
4 5 80 58
4 4 21 10
2 4 21 12
2 4 22 37
1 5 26 36
7 6 65 36
1 5 31 33
4 5 62 35
6 4 22 20
2 4 23 94
4 5 85 95
3 5 83 95
5 4 23 31
3 6 24 28
5 7 49 31
6 5 36 32
7 4 24 56
1 5 46 57
6 7 57 56
4 5 50 54
6 5 61 56
4 5 88 53
5 4 24 53
8 5 46 54
6 4 24 46
3 4 24 9
3 6 45 9
8 6 91 10
3 4 26 79
4 4 26 49
5 4 27 54
8 5 30 52
5 5 54 55
3 4 27 28
3 5 52 28
5 5 62 30
6 5 60 31
6 5 67 27
6 4 29 59
5 6 63 60
8 4 32 78
1 4 32 78
2 5 85 76
7 4 32 57
3 4 32 25
8 5 75 27
4 4 36 62
8 5 55 62
3 4 36 49
3 4 37 70
3 4 39 73
2 5 52 74
5 4 39 27
1 5 87 24
3 4 42 97
5 4 42 93
3 6 88 91
3 5 64 95
7 4 42 70
7 6 76 70
6 4 42 61
7 4 47 10
4 5 67 10
7 4 48 42
4 6 55 41
2 5 62 42
5 5 78 44
6 4 50 98
5 4 50 53
4 4 51 3
6 4 51 3
5 4 53 24
3 4 55 30
1 4 55 31
8 4 55 16
4 4 56 71
5 4 58 76
2 4 59 85
8 5 63 84
4 4 60 45
5 4 62 82
2 4 63 49
4 4 64 54
2 5 65 54
4 4 65 23
6 4 65 22
2 6 71 21
5 5 64 22
6 4 66 33
1 4 66 25
4 5 76 25
7 4 66 20
6 5 87 18
8 4 69 41
6 4 69 35
2 4 69 37
7 4 72 4
4 4 74 45
2 4 74 39
2 4 80 90
8 4 80 45
1 4 81 52
4 4 86 90
2 5 88 88
4 4 88 87
2 4 92 6
7 4 93 76
8 4 96 47
2 3 2 85
2 5 14 86
4 5 75 85
3 4 69 90
7 4 83 82
1 3 2 84
6 5 5 85
4 6 19 85
5 4 4 84
4 5 33 84
1 4 18 87
8 4 20 83
4 4 68 88
1 4 74 85
8 4 82 88
3 3 2 75
6 4 28 74
8 6 64 75
2 5 64 72
2 4 35 76
1 4 53 76
3 4 66 73
7 4 75 75
2 4 80 73
8 3 2 57
2 4 14 58
5 6 13 59
8 5 23 57
3 4 60 60
6 4 69 58
3 3 2 53
6 3 3 59
6 4 24 59
8 4 42 58
1 5 54 56
7 5 64 56
5 4 51 61
5 3 3 51
8 4 2 50
4 4 60 53
7 4 59 55
3 4 63 52
8 5 63 54
1 3 3 35
4 4 19 35
3 4 23 36
3 5 59 35
7 5 79 37
6 5 78 36
8 4 29 36
8 5 44 34
8 5 65 37
6 4 53 34
1 4 62 34
2 4 71 34
3 3 4 90
6 6 64 89
2 4 6 90
8 5 26 91
5 5 73 91
8 4 12 89
4 4 12 89
7 4 12 89
4 4 16 90
3 5 36 89
8 5 35 91
1 7 70 88
4 4 24 89
7 3 3 91
7 4 13 91
7 6 67 92
8 5 52 91
1 4 22 91
4 4 32 89
3 4 48 86
8 4 52 86
6 4 59 84
2 4 59 83
5 5 66 85
7 5 72 86
6 4 60 84
8 4 60 82
8 4 78 80
3 4 78 81
5 3 3 89
4 3 4 67
1 6 5 67
2 5 44 65
7 4 15 66
5 4 60 64
5 3 3 66
6 3 4 7
7 5 30 7
6 6 38 7
5 4 7 8
8 6 64 9
1 4 19 5
5 4 27 7
8 5 73 7
6 4 41 7
2 6 78 6
6 4 59 6
3 4 65 9
8 4 79 12
1 3 5 26
7 3 5 17
5 4 17 15
1 5 53 15
4 5 83 15
1 4 28 16
6 4 28 15
7 4 83 12
7 3 5 2
2 4 6 3
7 5 45 1
4 3 5 1
6 3 6 81
1 4 15 79
1 4 23 79
8 4 35 82
5 5 70 80
2 5 68 81
2 3 6 74
3 5 16 73
2 5 31 74
3 5 36 74
7 3 7 97
6 4 41 97
3 4 43 97
8 4 44 96
2 4 57 96
1 4 67 96
7 4 74 93
5 3 6 97
7 4 20 97
4 4 26 94
2 3 7 94
5 4 67 93
5 4 73 95
7 5 76 92
4 3 7 77
2 3 7 77
6 4 8 77
5 4 16 76
2 4 19 77
8 4 45 75
2 5 63 77
4 4 56 77
5 4 80 76
8 3 7 76
1 4 19 74
1 3 7 76
1 4 14 77
6 6 42 77
4 4 36 74
8 4 44 75
3 4 50 79
3 4 54 74
5 4 66 82
6 3 7 33
7 4 36 32
3 5 59 30
1 4 41 33
8 4 41 32
2 5 52 30
3 6 51 32
1 4 49 32
7 5 54 33
7 4 62 35
4 4 64 37
4 3 8 93
4 4 55 92
5 3 8 72
5 3 8 63
4 4 16 61
2 3 8 42
4 4 9 42
8 5 18 40
3 4 27 39
2 5 52 39
8 4 27 38
5 4 45 37
3 5 48 38
8 4 52 36
8 4 62 43
7 3 8 29
5 4 25 29
7 3 9 85
1 5 46 86
8 4 27 84
1 4 27 85
1 3 9 58
1 5 31 59
2 6 49 59
8 4 9 59
5 5 10 59
2 4 41 56
2 5 43 58
3 4 48 58
1 4 73 55
6 4 72 54
3 3 9 43
5 3 9 12
1 5 20 12
6 4 14 12
4 5 78 12
7 4 39 13
8 5 73 11
1 4 42 8
6 5 48 6
7 4 60 8
3 4 68 15
5 4 76 14
8 4 82 14
6 3 9 12
5 5 61 12
7 6 72 12
4 4 10 12
4 4 46 15
5 4 54 14
6 4 69 11
2 4 68 13
3 4 74 15
1 3 9 3
7 4 26 4
2 4 51 4
1 4 54 5
5 4 55 4
1 3 10 92
6 5 22 91
5 6 47 89
3 4 18 91
1 4 48 89
8 4 69 86
2 4 73 95
5 3 9 92
5 4 27 91
3 3 7 92
3 5 45 91
8 4 6 92
6 5 46 91
7 4 49 92
7 4 76 94
2 4 79 97
3 3 10 58
5 3 10 31
7 3 10 11
2 4 45 12
8 4 53 12
7 3 10 3
1 5 47 2
4 4 51 5
1 5 61 3
7 4 77 6
1 3 11 58
4 7 19 58
4 4 37 52
1 4 64 55
7 3 10 57
2 7 15 57
5 5 34 56
3 4 48 54
8 4 69 53
6 3 11 40
8 4 41 41
8 3 12 98
6 4 14 97
6 4 77 97
1 4 76 95
2 3 12 69
3 5 25 68
3 5 69 69
4 4 31 72
6 4 37 71
5 4 53 69
6 6 67 69
7 4 66 64
2 3 12 59
6 5 46 59
5 3 12 49
8 4 35 48
5 4 43 50
7 4 56 48
7 3 12 48
8 4 62 49
3 3 12 45
6 3 12 44
5 3 12 22
4 3 12 11
2 3 13 90
7 3 13 89
7 4 63 90
1 3 13 75
3 4 43 72
7 5 44 74
6 4 43 75
8 3 12 74
8 4 51 73
7 4 52 75
8 4 50 75
7 3 13 60
8 4 16 58
3 5 27 59
5 5 29 56
7 4 28 57
3 4 30 56
6 4 35 53
1 4 34 53
6 3 13 48
7 4 29 49
7 4 58 48
5 3 13 25
6 4 22 27
4 3 14 95
6 4 70 94
2 3 14 81
6 4 18 79
3 4 38 81
5 4 52 78
7 4 58 85
7 4 66 84
8 3 14 81
4 3 14 65
5 3 15 72
1 3 14 72
1 4 42 70
1 4 65 69
6 4 67 69
7 3 15 59
1 4 15 59
1 4 18 60
4 4 29 58
7 5 39 60
7 4 32 57
5 4 38 60
2 5 48 60
8 4 63 63
5 3 15 61
1 4 30 59
4 3 15 33
4 4 17 33
5 4 44 32
6 4 62 32
6 3 15 12
6 4 34 12
6 3 16 92
4 4 63 93
2 4 69 97
2 3 16 91
4 3 16 91
8 3 16 47
5 5 56 45
8 4 41 44
2 5 42 46
2 4 58 48
8 6 57 49
1 4 56 52
4 4 56 49
4 3 16 36
8 6 56 36
7 3 16 15
8 3 16 1
4 4 60 3
2 4 62 6
7 4 65 5
2 3 17 96
1 3 15 94
5 3 17 86
7 4 52 86
2 4 66 85
6 4 67 87
7 3 17 10
4 4 18 9
8 3 17 6
2 4 40 7
1 4 48 9
3 4 49 5
3 4 53 7
7 5 67 6
7 3 18 89
2 4 34 87
4 4 43 90
4 3 18 76
1 3 18 75
1 4 49 77
4 4 67 79
5 3 18 63
1 4 33 63
4 6 64 66
4 3 17 61
6 4 27 63
3 4 37 63
7 4 40 62
1 4 58 65
5 3 18 41
6 5 56 38
1 4 32 39
3 3 18 13
7 3 18 6
5 4 49 7
3 4 64 7
2 3 19 78
3 4 52 77
4 3 18 77
7 3 19 68
1 3 19 55
5 5 32 56
2 4 55 54
7 4 65 52
6 3 19 34
4 3 19 31
7 3 19 30
7 4 29 30
1 4 36 27
6 4 57 25
6 3 18 30
4 4 62 31
1 4 70 30
1 4 75 27
7 3 17 29
4 4 20 29
3 5 34 29
4 6 38 28
4 3 16 29
2 3 19 13
8 3 19 9
1 4 28 8
3 5 34 9
2 3 20 72
8 3 20 11
3 3 20 11
8 3 20 3
5 4 37 4
6 4 38 2
8 3 21 77
7 4 34 79
4 3 21 59
2 3 21 33
5 4 21 33
2 3 21 28
6 5 65 27
7 4 65 27
3 3 21 22
6 4 27 23
1 3 21 21
3 3 20 21
8 4 53 21
8 3 20 21
3 5 50 21
7 3 21 21
7 4 51 20
7 4 81 19
2 3 20 20
4 5 59 22
6 4 47 20
7 6 65 20
7 5 58 19
5 3 22 87
6 3 22 83
6 4 57 84
7 5 59 83
8 3 22 59
5 3 22 60
8 3 22 59
6 3 22 61
1 5 37 61
8 3 22 26
7 4 24 27
4 5 24 25
5 5 34 24
8 5 65 27
5 4 50 29
6 4 72 26
7 3 23 84
1 4 34 84
6 4 62 85
3 3 23 65
1 4 38 65
6 4 38 66
3 4 46 68
8 3 23 51
7 4 46 50
3 3 23 16
6 3 24 75
8 5 24 72
4 4 42 72
6 3 24 20
2 4 37 21
1 6 37 21
5 4 41 21
3 4 57 19
7 3 25 41
4 4 61 41
2 3 25 32
5 5 33 32
6 4 32 31
4 3 25 30
1 3 26 61
2 3 26 56
4 4 53 55
6 3 25 57
6 3 26 52
3 5 27 52
7 3 26 17
2 5 27 17
4 3 25 19
1 4 51 22
4 3 25 15
2 3 26 10
7 3 27 35
5 5 56 35
3 4 29 33
1 3 27 33
4 4 54 34
4 3 27 17
5 4 27 18
6 3 26 18
4 5 34 18
2 4 34 16
4 4 44 17
3 3 28 77
8 4 33 77
7 4 34 73
6 4 55 79
2 3 28 60
3 3 29 96
3 3 29 51
5 3 29 51
5 4 48 52
7 4 54 52
8 3 29 41
5 4 56 38
6 4 76 43
5 4 75 44
6 3 29 10
7 3 29 10
2 3 30 78
6 4 44 76
7 3 30 78
2 5 47 77
6 4 36 79
1 4 50 79
4 3 30 46
5 3 30 44
6 4 46 45
4 3 30 39
5 4 34 37
8 3 30 18
6 4 34 19
1 4 55 19
3 3 30 5
5 3 31 94
1 4 64 95
4 4 65 96
6 3 31 74
6 3 31 68
1 3 31 14
4 3 31 13
1 3 31 13
4 3 32 85
8 3 32 60
1 3 32 36
5 3 32 35
5 3 33 63
4 3 32 61
7 3 34 83
8 3 34 57
1 3 34 38
5 3 35 14
7 4 35 13
1 3 36 97
6 3 37 59
3 3 37 8
3 3 38 68
5 4 37 68
7 4 45 68
8 3 39 95
7 3 38 95
3 3 39 55
1 3 39 28
8 5 40 25
6 4 41 27
2 3 39 27
5 4 40 27
2 3 40 94
5 4 54 97
8 3 39 95
5 5 38 93
6 4 45 95
3 4 50 96
7 4 65 98
2 3 40 92
7 3 40 79
5 3 39 78
5 3 41 71
8 3 41 55
7 3 41 45
2 5 53 47
2 5 71 47
4 4 42 44
1 4 56 44
6 4 78 48
3 3 41 2
8 4 73 1
5 3 42 81
7 3 42 70
1 3 42 54
4 3 41 55
6 4 43 53
2 3 42 43
2 3 43 22
1 4 44 23
5 3 44 50
7 3 44 44
4 3 45 46
3 3 45 1
6 3 46 66
6 6 47 66
2 5 46 66
8 5 47 68
7 3 46 69
8 3 46 53
8 3 46 24
6 3 46 21
7 3 47 22
8 4 47 20
8 3 47 8
5 3 48 96
1 3 48 54
2 3 49 80
7 3 49 74
3 3 49 49
1 4 48 48
2 4 49 49
8 3 50 80
5 3 50 68
6 3 50 35
4 3 50 24
2 3 50 25
6 4 59 25
8 4 73 25
5 3 49 25
3 3 49 26
4 3 50 20
5 3 50 8
5 4 63 6
4 3 51 28
4 3 52 40
3 3 52 41
1 4 61 41
5 3 53 63
8 4 66 63
1 3 53 8
4 3 54 37
2 3 54 15
5 3 54 4
1 4 57 5
5 3 55 89
2 3 55 67
1 3 55 65
7 3 55 1
4 3 55 1
7 3 54 2
6 3 56 94
3 3 57 97
3 3 57 29
7 4 61 28
2 3 57 30
6 3 57 2
8 3 58 70
6 3 60 45
7 4 72 46
8 3 60 5
8 3 61 80
1 3 62 82
7 3 62 43
1 3 62 38
2 3 62 32
1 3 63 43
3 3 63 1
5 3 64 1
8 3 66 48
2 5 71 47
6 3 67 11
2 3 70 51
4 2 1 97
8 3 14 97
5 3 21 98
7 3 24 95
2 3 30 98
6 3 33 95
8 5 33 94
7 4 45 94
3 3 33 94
4 2 1 79
2 3 3 78
6 4 9 78
8 3 9 78
7 4 12 76
4 4 40 81
7 3 36 81
5 3 35 81
5 4 44 79
6 3 34 82
3 3 38 80
2 4 53 80
3 3 38 77
7 3 41 74
1 3 41 75
5 3 41 75
3 3 44 80
1 3 43 80
5 3 50 83
2 3 50 82
1 3 55 85
8 3 61 86
6 2 1 70
1 3 27 68
2 3 27 67
4 3 38 67
4 3 40 66
3 3 47 67
8 3 48 71
7 3 50 70
5 3 51 68
6 3 54 69
8 2 1 70
5 3 10 69
7 3 24 68
5 3 24 68
7 4 36 66
2 3 24 70
4 3 24 69
4 3 30 68
7 4 33 67
7 3 32 72
2 3 39 65
3 4 42 64
5 3 38 66
8 4 44 65
6 3 58 63
1 2 1 69
8 3 2 68
2 3 4 68
1 3 5 70
4 3 15 70
5 4 49 71
1 3 15 67
5 3 18 70
8 4 50 72
8 3 20 67
1 3 22 66
3 3 34 67
1 3 34 67
7 3 34 68
7 2 1 67
3 3 18 68
5 2 1 55
3 3 10 54
7 3 39 54
4 3 45 51
8 3 45 53
3 3 45 52
7 3 50 56
1 3 67 50
4 2 1 37
1 4 53 38
7 3 20 37
1 3 27 38
6 3 27 39
8 4 51 39
5 3 32 38
4 3 36 40
4 4 40 36
2 5 45 37
8 3 35 39
5 4 54 40
1 3 38 36
4 3 43 39
3 3 48 38
7 3 52 38
4 3 51 39
8 3 55 39
1 3 66 43
4 3 67 44
6 2 1 6
5 3 2 4
8 3 2 5
2 3 8 5
2 4 56 2
7 3 8 6
4 4 13 5
7 4 51 5
2 3 10 6
4 3 28 4
8 5 42 3
7 4 37 7
6 4 36 5
3 3 33 6
5 3 34 7
8 3 33 7
4 4 37 8
2 5 36 6
8 3 37 9
6 5 47 9
6 3 40 6
1 3 42 9
2 3 43 4
8 3 45 9
3 3 46 9
4 3 48 9
3 4 52 10
5 3 51 12
4 2 2 95
7 3 12 94
6 3 26 95
8 3 26 92
7 3 28 91
2 3 34 95
1 3 36 91
5 3 38 91
8 3 37 89
1 4 58 89
6 3 37 90
1 3 36 90
2 3 36 89
6 3 39 88
1 3 40 95
2 4 46 96
8 3 48 94
6 2 2 81
8 4 2 81
4 3 13 80
1 3 15 82
3 4 41 81
8 4 41 81
5 3 14 83
8 4 24 82
1 4 26 84
3 4 50 85
8 3 13 83
5 6 24 82
8 3 27 80
6 4 32 81
5 3 26 79
1 3 37 80
2 3 37 80
7 4 41 78
7 3 38 79
6 3 39 84
8 3 49 85
2 3 51 87
2 3 58 87
1 2 2 82
7 3 12 81
1 4 12 82
4 3 11 83
4 5 23 81
2 5 26 83
2 4 16 83
8 3 28 86
4 4 39 82
8 3 28 84
3 3 34 85
4 3 33 85
7 4 37 87
5 4 49 87
3 3 40 86
6 3 54 87
6 2 2 78
4 3 9 77
6 3 9 77
2 3 8 77
3 3 13 77
4 2 2 76
7 3 2 75
4 4 3 75
8 4 21 73
4 3 4 74
7 3 13 75
8 3 22 78
1 3 26 73
2 3 30 78
2 3 32 74
1 3 31 74
4 3 43 71
2 2 2 73
3 3 3 73
2 4 26 74
6 3 9 71
6 3 10 75
4 4 25 74
5 5 24 73
3 3 23 72
4 4 36 70
7 3 34 72
2 3 38 72
1 3 42 70
6 3 42 71
6 3 47 77
7 2 2 72
8 3 6 70
8 3 14 72
6 4 30 73
7 3 14 73
6 3 15 71
1 3 14 71
1 3 22 70
4 3 31 74
1 3 34 69
3 3 37 70
5 4 38 69
6 2 1 71
4 2 2 59
5 3 9 57
8 3 22 59
1 5 31 59
5 3 21 60
4 4 43 61
6 3 48 61
2 3 50 63
5 2 1 59
3 3 14 60
7 3 53 62
1 3 53 62
4 3 53 62
3 2 2 57
7 2 2 53
8 3 9 52
3 3 8 53
5 3 14 53
3 5 44 53
6 3 16 52
7 3 17 53
7 3 23 54
2 3 30 55
1 3 31 55
1 3 37 57
6 3 36 57
5 3 38 56
7 3 39 56
2 3 40 52
6 4 39 51
5 3 46 49
1 2 2 45
1 4 31 44
1 4 56 42
2 3 10 44
4 4 30 43
3 4 29 43
8 3 33 43
5 3 34 46
5 4 54 46
5 3 37 43
3 3 41 47
7 3 50 41
5 3 50 42
8 3 54 45
7 3 53 43
4 3 53 44
2 4 53 44
7 3 59 47
6 2 2 41
2 3 3 42
6 4 31 40
1 3 9 40
7 4 14 39
7 4 52 40
3 3 15 43
6 3 21 40
1 3 32 42
1 3 33 43
2 3 38 40
3 4 39 38
2 3 46 37
4 3 48 41
7 3 51 42
6 3 52 36
7 2 2 42
8 3 3 43
2 4 47 43
2 3 13 42
2 3 14 39
3 3 14 38
8 3 14 37
2 3 16 41
6 3 24 36
6 4 30 36
6 3 38 39
4 3 40 40
3 3 45 36
3 2 2 43
2 3 28 41
8 3 28 42
3 3 44 44
8 3 44 45
1 3 44 46
6 3 64 47
7 3 63 47
4 3 62 46
5 3 62 46
8 2 2 32
7 3 4 31
6 3 5 32
5 3 4 32
2 3 5 31
4 4 28 30
2 5 27 30
8 3 8 33
8 3 9 31
1 3 12 30
8 3 31 29
4 3 31 30
7 3 36 33
6 3 37 30
3 2 1 31
7 3 7 32
2 3 13 33
8 4 19 31
3 3 13 34
7 3 15 32
8 4 22 31
6 3 15 32
5 3 14 30
2 3 22 31
4 4 34 32
8 3 26 32
5 4 34 33
5 3 27 33
7 3 34 35
1 3 33 35
8 3 33 34
2 3 37 35
6 2 1 32
4 3 22 33
6 4 26 33
6 4 43 34
1 3 43 34
7 2 1 33
1 3 7 33
1 3 33 34
6 2 1 34
5 3 4 35
6 3 4 36
1 3 19 36
3 4 25 37
2 4 26 33
3 2 2 35
7 2 2 30
3 3 15 28
5 4 27 29
3 2 2 29
1 3 17 28
3 3 37 26
3 3 39 27
1 3 42 26
8 2 1 28
4 5 32 26
7 4 17 29
4 3 2 28
8 3 5 27
7 4 6 27
3 4 51 26
2 4 50 26
6 3 15 25
5 3 16 30
1 3 17 29
6 3 16 29
7 4 25 28
3 3 19 24
5 3 24 28
7 3 34 26
8 3 34 24
7 3 33 22
6 4 42 22
2 3 41 21
6 3 41 22
7 3 46 26
5 5 47 25
6 3 45 25
8 3 45 26
8 3 48 19
1 3 60 18
1 3 61 24
7 3 61 16
5 3 61 17
4 3 60 18
8 3 60 19
5 2 2 29
2 4 22 28
8 2 2 29
4 4 17 27
6 3 18 26
1 3 34 25
2 3 36 26
5 3 41 23
4 3 43 26
4 3 45 25
3 2 2 30
2 3 23 30
1 2 2 26
1 3 8 25
1 3 12 24
8 3 37 26
6 3 62 23
8 2 2 22
1 3 3 23
2 4 2 21
2 3 6 23
1 4 17 20
3 3 9 23
5 3 15 23
5 3 19 18
4 4 31 20
7 4 35 23
3 3 25 22
3 3 29 17
7 4 34 17
2 3 30 18
3 4 45 16
8 3 43 17
5 3 48 23
1 3 59 17
5 2 2 19
3 3 16 17
8 3 16 19
6 3 17 20
5 3 16 21
3 3 15 20
3 3 32 15
7 4 37 17
5 3 34 19
5 3 36 20
2 3 40 18
6 3 44 14
8 3 46 12
7 3 48 13
4 2 2 18
8 4 10 17
2 3 9 17
4 3 11 16
7 3 10 15
1 3 24 14
3 4 30 14
1 4 49 14
1 3 29 14
8 3 30 16
6 4 57 13
7 3 35 12
1 3 35 13
4 4 35 15
6 4 35 15
6 4 44 11
8 3 35 12
4 3 35 11
3 3 42 20
6 3 43 17
7 3 44 10
5 3 43 10
2 3 42 11
3 4 43 12
7 3 41 13
7 3 43 11
7 2 2 19
7 3 9 20
8 3 17 21
5 2 2 16
2 3 20 14
1 3 36 17
2 3 48 13
5 3 48 13
1 2 2 15
1 3 15 14
7 3 20 13
7 2 2 9
8 4 6 9
7 4 17 8
6 4 17 8
6 3 2 9
8 3 8 7
5 3 14 11
1 3 15 10
3 3 15 7
5 4 37 7
1 3 22 9
4 3 29 8
2 4 29 9
1 3 29 7
8 3 38 8
1 3 40 5
3 2 2 9
2 4 7 9
7 4 8 8
2 4 14 7
4 4 17 8
6 4 23 9
3 3 5 10
5 3 16 9
2 3 16 8
8 3 16 7
7 3 23 8
4 2 2 9
3 2 3 84
5 4 29 82
3 3 8 85
2 3 23 87
3 5 25 83
1 4 28 87
4 3 25 83
6 3 26 87
7 3 27 88
5 3 34 87
1 3 34 85
8 3 43 88
2 4 45 89
8 2 3 77
7 3 6 78
3 3 11 79
2 4 16 78
6 3 20 77
1 3 23 76
5 3 24 74
5 3 30 79
1 2 3 74
7 3 5 73
8 3 26 75
3 2 3 66
4 3 14 65
6 3 50 64
4 2 3 65
8 3 6 64
1 3 6 63
8 4 19 64
3 3 14 65
6 4 19 64
8 4 32 63
1 3 14 65
5 4 31 66
7 3 20 63
2 3 23 63
8 4 40 62
3 3 23 64
7 3 24 62
4 4 24 61
6 3 33 67
7 2 3 62
3 3 24 60
6 3 32 62
1 3 31 60
1 2 3 58
6 3 13 59
5 2 3 52
3 3 24 53
6 2 3 53
8 2 3 48
3 3 3 48
4 3 21 49
2 3 20 50
6 3 31 48
8 4 37 49
4 4 37 49
3 3 58 47
1 2 2 49
5 3 2 48
2 4 3 48
4 4 12 48
4 3 2 47
2 5 25 47
7 5 29 46
2 3 13 50
1 3 33 45
5 3 41 45
1 3 43 50
8 3 54 46
5 3 59 50
7 2 3 49
1 3 29 47
8 3 36 46
1 2 3 45
5 3 7 45
6 3 16 44
5 4 27 45
4 3 18 46
5 3 22 45
8 3 26 45
6 3 27 45
4 3 28 44
3 3 27 43
2 2 2 45
4 3 6 45
1 3 11 45
4 3 17 43
2 3 17 45
4 3 22 44
1 3 23 45
3 4 34 46
3 3 25 47
4 3 24 48
2 3 23 47
8 3 40 48
6 3 47 49
3 3 51 50
8 2 1 45
7 3 22 46
3 2 3 45
7 4 16 45
3 5 15 43
1 4 15 45
2 3 7 46
8 3 7 45
7 4 18 46
4 3 13 46
6 3 12 46
1 3 29 47
5 3 36 49
7 3 36 42
6 3 36 42
3 3 37 47
7 3 37 47
7 2 3 45
6 3 15 44
3 2 3 41
4 2 3 38
1 3 3 38
7 3 6 37
5 4 9 36
6 3 6 37
6 3 12 39
4 3 12 39
5 3 33 36
6 2 3 39
5 3 4 39
7 4 4 41
4 3 5 38
2 3 5 40
5 3 8 41
7 3 21 41
8 3 27 39
4 2 3 40
2 4 14 39
1 3 3 38
5 4 17 38
2 3 17 37
2 3 25 38
4 3 28 34
8 2 3 40
2 3 7 39
7 4 6 37
5 3 16 38
4 3 25 41
3 3 25 40
7 2 3 38
7 3 12 36
1 3 12 38
2 2 3 37
6 2 3 25
6 4 29 25
8 2 3 21
2 3 16 22
7 3 16 23
4 3 30 20
3 3 32 23
1 2 3 22
8 3 9 23
3 3 9 20
2 3 27 21
6 3 35 21
4 2 3 21
5 3 3 20
4 3 8 19
2 4 13 17
4 3 19 16
8 3 24 20
2 3 24 17
3 3 25 22
8 3 33 16
4 2 2 20
1 2 2 19
6 4 21 18
6 3 7 19
1 5 21 19
3 4 25 18
1 3 7 20
4 3 13 18
8 3 19 17
2 2 3 14
6 3 6 14
8 3 34 15
8 2 3 5
3 2 3 5
1 3 10 5
2 3 19 5
3 5 33 3
1 4 37 1
5 3 18 5
6 3 24 4
8 5 24 3
3 5 24 2
6 3 24 2
8 3 24 1
2 4 26 2
8 2 3 2
5 3 25 1
4 3 30 2
8 3 29 1
6 3 48 2
5 2 4 95
6 3 11 94
4 4 40 94
3 3 12 93
2 4 12 94
8 3 10 93
5 3 13 97
3 5 43 98
5 4 42 97
1 3 13 92
3 3 15 95
8 3 15 93
4 3 20 93
8 3 36 91
5 3 38 91
8 3 38 89
6 2 4 91
4 3 5 89
7 2 4 89
2 3 14 90
6 4 36 90
8 3 30 88
2 2 4 86
1 3 6 85
7 3 21 85
4 2 3 85
1 3 24 83
5 3 25 85
8 2 4 80
8 3 27 78
2 2 4 81
3 3 10 82
6 3 15 79
4 2 4 80
7 3 6 80
8 3 8 82
1 3 8 81
6 3 23 84
5 2 4 77
7 3 19 76
2 4 19 76
5 4 19 77
6 4 20 76
7 2 4 76
4 4 14 75
3 3 14 76
3 2 4 75
4 4 16 74
2 3 21 74
4 3 21 74
1 3 23 76
2 2 4 74
8 2 4 58
8 3 6 56
4 2 4 48
3 3 6 49
1 3 8 48
6 4 7 46
3 3 8 47
7 3 8 49
5 3 13 49
7 4 44 50
3 3 13 49
3 3 33 51
3 3 38 50
1 2 4 40
8 2 3 39
1 3 5 40
4 3 6 42
6 4 5 42
3 3 22 42
5 3 22 43
1 3 21 43
5 2 3 42
5 3 14 41
3 3 18 41
7 2 4 19
5 3 8 20
7 3 7 20
8 3 5 18
8 3 9 20
6 3 9 21
3 2 4 19
7 3 12 19
5 3 15 18
2 3 24 18
7 3 34 17
1 2 4 16
2 3 15 16
5 3 15 15
6 3 15 16
5 3 32 15
6 3 32 14
5 2 4 13
6 3 11 14
5 3 18 13
7 3 32 11
1 3 34 11
3 3 36 14
4 3 37 15
1 2 4 14
6 3 16 12
7 2 4 7
2 4 4 7
4 2 2 6
6 2 2 6
1 2 1 6
7 2 3 5
4 3 22 6
1 2 3 4
8 4 31 3
8 3 6 5
6 3 6 4
3 3 8 7
5 2 4 7
4 2 4 4
5 3 5 3
2 3 37 2
6 2 4 3
1 2 4 1
4 2 5 97
6 6 19 97
6 4 39 95
8 3 15 96
6 2 4 97
4 3 21 96
7 3 22 96
3 2 5 96
2 4 13 96
5 6 18 96
3 4 17 95
2 3 8 96
4 3 9 98
7 3 16 95
4 3 18 96
1 3 18 98
2 2 5 84
4 2 5 80
5 2 5 79
7 4 20 77
3 2 5 79
2 2 5 76
6 3 13 77
3 4 14 78
4 2 5 73
2 3 7 72
7 2 5 73
3 3 6 74
3 2 5 72
2 2 5 45
3 2 5 37
4 2 5 34
8 3 5 34
7 3 25 34
1 2 5 11
7 2 5 12
5 2 4 12
8 3 6 11
4 2 5 4
3 3 36 3
8 2 5 5
5 3 6 5
1 2 5 4
7 2 6 93
3 4 8 93
3 3 12 91
6 3 22 93
8 2 6 89
5 3 21 90
3 3 29 89
5 3 32 88
6 2 6 88
5 3 11 89
5 3 13 88
4 2 6 73
1 2 6 70
4 2 6 69
5 3 31 69
2 2 6 64
7 3 34 62
3 3 39 62
5 2 6 64
1 2 6 59
6 3 21 59
7 4 20 60
2 4 19 60
2 2 6 59
4 3 7 60
2 2 6 57
6 3 8 55
2 3 12 56
5 2 6 51
1 3 31 49
4 2 5 51
1 3 4 50
6 5 12 51
6 4 5 50
8 3 9 49
5 3 16 51
2 3 24 49
4 3 34 50
5 3 33 51
2 2 5 50
8 3 5 49
2 3 7 49
6 3 24 51
7 2 4 49
1 3 5 49
8 3 10 49
5 3 17 51
5 3 19 47
1 3 36 52
4 3 35 52
3 2 3 48
4 3 17 49
8 2 6 40
4 2 6 36
3 2 6 28
5 2 5 28
2 3 25 28
7 3 31 27
4 2 6 27
7 3 13 28
1 3 16 25
4 3 22 30
3 2 6 26
2 3 29 26
3 3 28 27
8 4 27 26
4 2 5 25
3 3 19 26
2 4 18 25
7 3 22 25
6 2 5 26
2 4 22 25
8 2 6 22
1 2 6 12
2 3 8 13
3 4 16 11
8 3 9 15
1 3 9 16
7 3 8 17
4 3 9 15
2 2 6 3
7 3 11 2
1 3 28 1
5 2 7 95
2 3 30 93
7 2 7 96
5 3 20 96
6 2 7 84
5 2 7 85
3 3 17 85
4 2 7 83
5 3 7 83
3 3 12 82
7 3 13 83
2 3 16 83
6 2 6 82
8 3 15 82
3 3 15 83
7 2 7 65
2 3 10 64
2 3 30 62
6 2 6 65
3 3 30 63
1 3 31 63
7 3 37 62
3 2 7 64
6 4 15 63
3 3 15 66
5 2 7 64
1 3 15 63
3 2 7 56
4 3 18 56
7 4 26 54
4 3 23 56
2 3 22 56
8 4 22 54
5 6 27 53
7 3 22 56
5 3 36 53
7 2 6 56
2 3 32 57
1 2 7 35
4 3 11 36
7 4 15 37
7 3 13 37
3 3 13 37
1 3 14 36
5 3 14 36
1 2 8 96
5 3 8 95
7 3 29 95
4 2 8 94
4 3 21 93
7 3 20 93
3 3 20 92
2 3 31 91
6 3 31 93
7 3 31 92
2 2 8 94
5 3 8 92
1 3 10 94
6 3 10 94
1 3 13 94
3 2 8 94
5 2 8 87
3 3 7 87
6 3 34 87
3 3 35 87
5 2 7 87
5 3 17 86
8 2 8 86
6 3 22 85
7 2 8 85
8 2 7 85
5 2 8 85
3 3 13 85
3 2 8 84
5 2 8 77
7 3 11 75
1 3 12 75
6 3 13 74
7 2 8 71
6 3 24 71
4 3 27 71
8 2 8 69
4 2 8 69
2 3 12 68
4 3 12 70
6 3 15 68
1 3 21 68
1 2 8 70
4 3 12 69
8 4 18 68
3 2 8 69
2 3 15 70
8 3 24 68
7 2 8 70
2 4 26 71
5 3 14 68
3 3 15 69
5 3 13 69
7 3 24 71
5 3 23 72
4 2 8 63
3 4 34 63
1 3 18 61
2 4 31 61
2 3 21 62
3 3 22 60
1 3 22 62
4 3 21 61
7 3 21 62
1 2 8 62
1 2 8 59
7 2 7 59
4 3 14 59
6 2 6 59
3 3 13 58
5 3 13 58
4 2 8 59
6 2 8 37
4 2 9 93
6 2 9 87
3 3 17 87
3 4 26 86
4 3 20 86
7 2 9 87
8 3 18 86
5 2 9 70
2 3 9 69
1 2 9 71
3 2 9 61
6 2 9 60
7 2 9 58
3 2 9 45
8 2 9 44
1 3 9 43
8 3 9 43
6 2 8 43
2 3 11 42
3 3 12 40
7 3 13 42
1 3 11 41
7 2 8 44
2 2 9 39
5 2 9 35
7 3 19 35
3 3 19 34
3 3 24 33
5 2 9 23
6 2 9 8
7 3 16 9
7 2 10 92
1 2 9 92
4 3 11 91
8 4 17 90
7 3 20 91
4 3 27 89
8 2 10 91
1 4 12 90
3 3 10 91
5 2 10 92
7 2 10 93
1 2 10 86
4 2 10 87
6 3 10 87
1 3 11 88
1 3 16 89
2 2 10 85
1 3 10 85
6 2 10 83
3 2 10 74
8 2 10 74
2 2 10 74
6 2 10 69
4 2 9 69
1 2 8 69
8 2 8 70
2 2 10 69
3 2 9 68
8 3 19 66
5 2 10 63
8 3 13 63
4 2 10 61
6 2 10 62
7 2 10 63
1 2 10 59
8 2 10 56
5 3 15 56
8 5 16 55
3 3 16 57
6 3 17 55
1 3 21 53
3 3 25 54
1 2 10 50
8 2 10 49
8 2 10 47
4 3 12 46
2 2 9 46
5 2 9 47
6 2 9 46
8 2 10 40
6 3 9 39
1 2 10 39
3 2 10 34
8 2 10 35
5 3 17 35
8 2 10 28
7 3 18 27
8 5 17 26
2 2 10 28
1 3 10 27
4 4 12 28
3 2 10 29
8 2 10 28
7 2 10 25
1 2 9 24
3 3 35 23
4 2 9 25
8 2 9 24
2 3 10 24
2 2 10 20
4 2 10 20
3 2 11 88
7 3 18 87
6 3 19 88
8 2 11 86
2 2 11 86
2 2 11 82
4 4 24 81
8 2 11 80
1 2 11 77
4 4 12 77
6 2 10 76
8 2 11 60
4 2 11 58
4 2 11 48
8 2 11 38
6 2 11 37
4 3 17 35
4 2 11 38
7 2 11 38
1 3 11 37
8 2 11 38
6 2 11 39
4 2 11 17
1 3 11 18
3 2 11 18
6 3 22 17
5 2 11 17
8 3 11 17
4 2 11 19
1 2 11 17
7 3 11 16
7 3 16 16
2 2 11 18
8 2 11 18
6 2 11 19
4 3 16 17
1 3 16 17
3 2 11 16
5 2 10 16
4 2 10 16
7 2 9 16
3 3 14 15
4 2 11 13
3 2 11 14
7 2 10 14
5 3 11 13
1 2 11 12
5 2 11 4
1 2 11 5
4 2 11 4
7 2 12 82
5 2 11 81
3 3 16 80
5 2 12 67
8 2 11 67
6 2 12 66
4 3 11 65
3 2 12 51
4 2 12 52
8 3 24 53
4 2 12 49
8 2 12 21
8 2 13 96
3 2 13 94
4 2 13 64
7 2 12 64
4 3 18 64
6 2 13 63
2 2 13 47
4 2 13 46
8 2 13 47
1 2 13 37
2 2 13 31
4 2 13 31
5 2 13 29
1 3 15 30
6 2 12 29
6 3 16 29
4 2 12 28
5 2 12 29
7 2 12 29
3 2 11 28
2 4 11 27
5 3 11 26
6 2 10 29
8 2 11 28
4 2 10 28
5 2 12 27
2 2 13 15
2 4 14 13
4 2 13 15
3 3 13 14
1 2 14 98
2 2 13 98
6 2 14 97
5 2 14 97
4 2 14 89
5 3 17 89
3 2 14 65
2 2 14 66
6 2 13 66
5 2 12 66
8 2 11 66
1 2 11 66
5 2 13 66
4 2 14 67
7 3 17 65
7 2 14 64
5 2 13 64
6 2 14 64
2 2 14 56
6 2 14 57
3 2 14 57
1 2 14 53
6 3 25 54
1 4 24 53
4 3 24 52
2 3 30 53
6 3 29 51
3 2 14 26
1 2 14 27
1 2 14 24
3 2 14 22
8 2 14 11
1 2 14 12
3 2 14 10
2 2 14 7
5 3 14 7
3 2 14 3
1 2 13 2
7 3 24 1
6 2 14 1
6 2 15 53
2 2 15 53
7 3 16 53
2 2 14 52
3 3 28 51
7 2 15 46
4 2 15 42
6 2 15 40
8 2 15 14
2 2 15 14
5 2 15 13
8 2 16 95
1 2 16 88
2 3 16 86
5 3 16 86
4 2 15 87
2 2 15 88
1 3 15 87
4 2 15 89
6 3 19 89
3 2 15 90
2 3 15 89
7 3 15 88
1 2 14 90
6 2 15 90
7 3 16 88
3 3 16 89
8 3 17 88
5 3 16 88
3 3 16 88
2 2 15 91
4 2 15 91
5 2 14 90
8 2 16 91
4 2 16 79
5 2 16 78
7 2 16 76
3 2 16 72
3 3 18 71
5 2 16 73
1 2 16 54
3 3 19 53
5 3 19 54
5 2 16 40
6 2 16 36
8 2 15 36
6 2 16 16
1 2 16 15
4 2 16 11
2 2 16 12
7 2 16 13
1 3 16 11
3 2 16 4
4 2 15 4
6 2 16 4
5 2 17 94
5 2 17 67
6 2 17 67
7 2 17 60
7 2 17 53
4 3 16 53
4 2 17 54
6 2 17 54
5 2 17 54
6 2 17 51
1 2 17 35
8 2 17 16
7 2 17 10
2 2 17 5
4 3 18 3
6 3 18 4
3 3 18 4
1 3 18 2
2 4 17 2
7 2 16 3
2 2 15 2
4 3 18 1
4 2 16 2
7 2 16 1
3 2 16 2
1 3 18 1
7 3 21 1
8 2 17 1
3 2 18 27
8 2 18 23
5 3 18 23
2 3 17 23
2 2 19 97
1 2 19 73
5 2 19 51
6 2 19 33
4 2 19 13
2 3 18 12
7 2 20 81
3 2 20 73
6 2 19 73
4 2 20 64
5 2 20 30
1 3 20 30
2 2 20 8
4 2 21 68
1 2 21 15
3 2 21 14
7 2 21 14
3 2 21 10
6 2 22 81
3 2 22 51
1 2 22 13
1 2 23 64
6 2 23 57
7 2 24 64
4 2 24 47
1 2 24 13
1 2 25 98
7 2 25 98
8 2 24 98
6 2 25 81
3 2 26 71
2 2 26 23
1 2 28 50
7 2 28 34
8 2 29 71
6 3 29 71
2 2 29 24
7 2 32 32
6 2 32 25
1 2 35 24
7 2 36 24
4 2 36 1
1 2 37 11
3 2 37 1
8 2 40 1
6 2 60 1