39268
1935
5 26 53 17
4 25 49 32
4 23 52 95
3 23 86 22
6 22 8 35
3 25 47 31
6 20 73 2
6 19 17 78
5 19 32 90
7 19 46 48
7 18 36 31
6 18 49 61
7 17 28 7
5 17 37 50
6 18 70 48
4 17 51 40
6 17 61 25
4 17 66 9
5 17 74 77
4 17 82 18
5 16 15 66
6 16 37 68
2 16 45 19
2 16 51 8
6 16 77 61
4 15 14 1
8 16 35 2
3 15 25 76
4 15 38 50
7 15 41 38
6 15 48 15
3 15 52 48
3 15 90 40
2 14 16 96
4 14 34 93
5 14 34 72
5 21 73 71
4 14 50 48
4 14 71 75
3 14 95 84
2 14 98 54
7 13 4 48
3 14 31 49
2 13 37 8
5 13 70 59
3 13 74 29
3 12 18 59
4 12 18 48
3 12 35 89
2 12 53 52
3 12 58 18
7 12 66 50
7 12 69 39
7 12 74 25
2 12 80 93
3 11 14 30
6 11 25 82
6 14 68 85
8 11 25 11
4 11 28 57
7 11 36 3
2 11 41 62
6 12 57 66
4 11 48 55
4 17 61 56
3 11 56 74
5 11 77 46
5 18 82 44
8 11 77 7
7 16 85 6
7 10 4 5
7 11 70 6
5 10 6 46
6 11 12 48
3 12 60 49
2 10 7 54
3 14 6 55
6 11 64 54
2 10 9 87
6 11 80 86
6 10 10 41
5 11 39 41
7 10 11 19
5 13 65 19
2 10 19 81
4 10 23 33
4 10 38 66
5 10 39 87
4 10 40 74
6 11 61 71
6 13 77 71
2 10 57 68
6 11 75 66
7 10 58 1
4 10 62 79
4 10 76 82
2 9 5 96
4 9 5 94
6 9 6 84
4 10 65 81
5 9 8 40
5 10 12 35
5 9 10 46
3 9 14 43
5 9 23 54
6 9 26 71
2 9 27 75
7 9 27 51
2 10 55 54
2 9 41 28
6 9 41 1
3 9 44 94
6 9 51 94
2 11 83 92
5 9 63 89
5 8 2 23
4 8 4 44
5 8 5 97
6 8 5 65
3 11 82 65
3 9 26 66
3 9 49 62
6 10 60 59
5 12 62 62
4 8 6 74
5 10 21 73
7 8 9 68
3 8 10 1
4 8 13 90
7 8 17 50
5 8 18 9
4 8 26 61
1 8 33 61
3 8 35 15
4 8 38 51
3 8 43 30
6 8 50 25
5 10 48 26
3 9 71 25
4 8 57 33
5 8 74 73
7 8 85 77
8 7 2 47
7 7 3 18
6 7 4 4
3 9 66 6
5 8 5 6
4 7 8 72
3 9 26 71
4 8 39 75
7 7 9 44
4 7 11 40
5 9 40 44
4 9 48 39
4 7 14 10
6 7 20 39
8 7 22 52
4 7 31 17
4 7 35 99
3 7 34 97
1 7 35 60
4 7 41 29
5 7 42 46
3 7 45 54
4 7 45 14
4 7 46 97
7 7 48 96
5 7 49 54
2 7 50 94
7 7 52 22
5 7 58 40
4 7 59 61
3 8 59 55
2 7 59 1
4 7 64 17
5 7 65 91
6 7 66 25
5 7 68 88
4 8 68 87
4 7 72 97
3 7 73 25
6 7 82 89
5 6 4 62
3 6 6 29
4 8 10 29
2 7 62 29
5 6 8 37
2 7 29 37
4 10 48 37
6 8 62 34
6 7 30 33
5 6 11 96
6 9 41 98
3 8 52 98
6 6 11 3
5 6 13 42
4 7 21 42
3 7 21 42
5 8 42 41
4 6 15 59
7 6 15 27
4 6 18 12
3 7 73 9
7 6 22 14
6 6 23 49
6 6 24 90
3 7 64 93
6 7 69 90
4 6 24 72
5 6 27 70
3 8 35 69
6 7 28 66
5 6 28 95
2 7 42 90
5 11 50 93
5 6 30 16
2 6 32 26
5 6 33 76
3 9 47 76
5 9 60 79
4 6 34 55
4 7 42 55
3 6 42 98
6 6 45 80
7 7 43 79
5 10 44 78
3 8 48 79
3 6 48 55
7 6 51 43
2 7 63 44
3 6 53 11
6 6 54 10
4 6 57 94
6 6 58 52
6 6 59 62
7 8 58 62
4 6 62 57
6 6 66 86
6 6 67 32
3 6 68 92
6 6 69 38
6 7 68 34
5 6 70 71
6 6 70 27
6 6 81 13
3 5 3 77
7 6 44 78
2 9 49 77
4 5 3 26
5 5 4 1
6 6 26 3
2 9 26 3
7 5 5 76
4 7 46 77
5 6 47 74
2 5 5 71
2 6 16 71
6 9 31 71
7 7 55 75
3 5 6 92
2 7 17 91
1 9 18 93
2 6 53 93
3 5 6 87
4 9 58 86
7 6 28 85
4 6 71 86
7 5 6 61
2 7 52 61
6 5 6 20
4 9 7 20
3 5 8 73
1 8 10 73
5 6 24 71
2 6 27 75
4 6 32 72
6 6 46 76
5 6 59 68
4 5 8 16
3 9 58 16
8 7 17 16
6 9 56 15
7 6 7 13
5 7 73 15
5 6 62 16
8 5 10 17
2 5 12 57
3 7 35 58
4 8 65 60
3 7 63 58
2 5 13 92
3 8 13 94
3 10 25 93
3 7 16 91
2 6 24 96
5 6 38 93
6 6 51 99
4 5 13 89
6 6 39 88
3 10 40 91
3 5 13 88
4 7 21 89
4 7 24 86
5 7 53 88
6 5 13 27
6 5 14 68
5 5 14 38
6 5 15 68
2 5 16 6
5 6 17 5
1 5 21 79
6 8 41 78
3 6 63 81
3 5 21 64
6 6 26 64
6 6 61 65
7 7 62 63
5 7 61 66
2 5 21 64
4 6 57 67
6 5 20 61
2 6 48 63
4 5 23 37
5 5 26 67
5 5 26 38
4 5 26 13
5 5 26 8
3 5 32 75
5 6 30 75
4 5 32 56
6 5 32 44
4 7 63 41
4 5 34 67
3 5 36 25
4 5 37 18
4 8 44 14
2 5 38 67
3 5 38 68
5 5 39 97
4 7 46 98
4 6 40 96
5 5 41 96
3 5 41 44
6 5 42 52
7 7 57 52
5 6 46 52
3 5 43 13
7 7 46 12
5 7 51 13
2 5 44 50
6 6 46 50
5 6 55 50
5 5 46 80
6 5 48 41
5 7 58 41
2 6 60 39
2 5 50 7
7 5 52 16
2 5 54 85
5 6 65 84
3 5 54 47
7 5 54 24
4 5 58 68
3 8 57 65
5 5 58 32
7 6 65 30
5 5 61 63
5 5 62 8
5 5 64 57
3 5 72 27
8 4 2 98
5 8 20 98
4 5 6 96
3 4 2 91
5 6 30 93
3 4 2 74
3 5 55 71
3 4 2 62
3 5 20 64
4 6 35 62
4 6 42 60
3 5 32 60
3 5 42 65
7 4 3 85
4 6 4 85
5 6 15 84
6 5 18 84
5 7 29 83
4 5 31 83
4 6 42 82
3 5 31 85
7 5 36 84
7 5 55 87
4 5 52 88
3 6 53 90
4 6 54 90
5 5 60 82
6 6 60 85
2 5 59 82
4 4 3 50
3 7 27 50
4 6 26 49
6 5 2 49
5 7 26 49
6 7 54 50
3 5 5 50
6 5 5 47
4 7 21 47
5 5 19 44
6 5 20 48
6 5 26 42
8 7 32 42
4 4 3 50
5 6 28 50
6 7 43 50
4 5 49 50
6 4 3 45
5 4 3 32
6 4 3 9
6 6 8 9
5 9 7 10
6 6 57 8
3 5 40 5
7 5 47 10
7 5 52 4
5 5 62 11
7 6 61 10
5 5 64 3
4 5 68 12
4 4 3 5
5 8 46 5
5 5 8 4
3 5 9 4
8 7 34 4
4 5 36 5
7 5 54 7
4 4 3 2
7 6 18 3
8 5 15 2
7 5 29 3
6 6 36 3
1 4 4 88
3 5 5 89
6 4 4 69
5 5 61 66
4 6 60 66
3 4 4 14
4 6 59 14
3 6 59 11
6 5 6 14
6 6 20 15
3 7 38 16
7 5 9 15
6 5 16 12
3 6 52 15
3 5 63 18
3 4 5 96
6 7 6 96
2 4 5 51
5 4 5 39
5 5 9 39
6 7 9 40
7 7 29 41
3 5 10 40
2 5 8 38
3 5 12 39
4 4 5 37
6 4 5 12
5 5 15 12
7 4 5 8
5 8 8 8
1 6 8 6
8 5 5 1
6 4 6 91
5 5 8 91
6 4 6 78
5 5 10 78
6 7 56 75
5 5 14 78
2 10 15 78
6 6 15 75
6 5 27 80
6 8 40 81
3 5 49 84
8 4 6 67
5 4 6 23
6 6 6 25
4 5 71 23
2 6 71 23
5 4 7 58
6 4 6 59
4 5 24 57
2 5 29 56
3 7 27 51
6 4 8 88
2 5 14 88
5 4 6 88
1 6 16 87
6 6 27 88
7 4 8 84
4 5 10 83
3 5 11 86
3 9 20 82
7 5 44 80
6 4 9 35
7 6 54 35
2 4 10 63
6 6 47 62
4 5 30 64
3 4 11 64
4 4 11 49
8 5 27 49
4 5 31 48
2 4 11 10
4 6 15 9
5 4 13 70
4 5 13 70
1 5 13 72
6 5 12 70
6 5 36 73
4 4 15 35
6 4 15 19
5 5 15 21
4 7 56 20
3 5 32 18
5 5 55 19
5 5 57 22
8 5 57 17
4 4 13 19
4 5 29 19
7 4 15 16
3 4 15 10
6 4 16 92
3 4 16 13
2 5 43 15
2 4 17 83
6 4 17 38
4 4 18 64
4 5 21 62
7 5 34 64
2 4 19 98
5 4 19 67
2 5 31 67
4 4 16 66
5 6 47 70
8 4 16 65
5 5 30 64
5 4 19 40
5 4 20 96
5 5 40 96
6 4 20 2
6 5 23 1
3 5 26 4
5 4 20 3
7 4 19 5
1 5 24 1
7 6 29 4
5 4 21 31
4 5 22 32
5 7 25 33
8 6 22 32
5 5 46 34
1 5 45 32
5 5 60 33
3 4 23 82
3 5 60 82
4 4 24 79
5 4 24 44
4 5 24 43
5 4 25 84
8 5 27 86
3 4 27 98
7 4 27 98
4 5 61 99
6 4 27 52
5 4 29 73
5 4 30 69
8 4 30 31
2 6 61 31
3 4 32 27
6 5 56 28
2 4 34 76
6 4 34 11
2 5 55 13
3 4 36 98
8 4 36 4
7 4 35 6
7 4 36 4
2 4 38 96
4 4 40 31
4 5 50 29
4 5 56 29
8 4 41 73
2 4 42 88
1 4 42 85
5 4 42 74
4 5 42 76
6 7 41 77
8 4 42 51
4 4 42 5
6 4 42 1
4 4 43 60
3 5 44 59
5 4 43 9
7 4 45 18
4 4 46 45
7 4 47 42
6 5 46 42
4 4 47 42
3 4 47 44
7 4 47 39
4 5 55 38
6 5 64 34
3 4 47 30
3 6 55 29
1 4 47 12
4 4 48 98
6 4 46 99
4 4 48 56
4 4 48 36
5 6 53 35
7 5 62 36
3 4 48 22
4 5 62 24
8 4 48 21
2 4 51 32
7 4 52 61
4 4 53 94
4 4 53 45
3 4 54 22
4 4 55 33
6 4 56 69
3 4 57 46
4 4 57 27
5 4 60 87
3 4 62 53
6 4 62 26
5 4 66 36
6 4 65 35
5 4 67 100
2 3 1 60
6 5 5 61
7 3 2 97
4 5 13 95
1 4 13 96
6 6 13 97
7 6 37 97
5 3 2 43
6 5 26 43
3 4 38 44
1 3 2 12
7 6 18 13
2 4 31 9
2 4 35 18
2 3 3 92
4 6 12 91
2 4 14 90
6 4 18 88
5 4 24 87
7 4 27 87
5 3 3 89
5 3 3 87
5 3 3 82
7 6 10 81
3 4 8 82
6 4 20 83
2 4 22 81
3 4 22 79
2 4 24 80
2 3 2 82
5 4 10 84
3 3 2 82
6 4 13 80
2 4 36 83
4 4 44 82
5 4 44 82
4 3 1 82
1 4 28 81
6 3 3 77
3 4 38 77
5 5 42 75
4 3 3 62
7 4 23 60
3 4 27 57
7 3 3 60
7 3 3 39
5 6 36 38
7 4 28 38
2 3 3 9
5 4 17 11
4 3 4 95
3 4 6 96
1 5 29 97
5 5 35 97
6 4 15 96
5 3 4 28
6 5 22 31
5 6 28 30
4 5 31 28
7 4 7 28
4 5 12 28
6 4 7 30
6 8 26 30
3 4 11 27
8 4 11 26
6 6 42 28
6 4 45 28
2 3 4 5
1 3 5 85
6 4 9 85
3 5 27 87
6 4 12 87
1 4 26 84
4 4 35 89
6 3 4 84
7 4 33 84
3 3 5 86
4 3 5 23
4 5 13 24
3 4 13 22
6 6 14 26
7 5 35 27
3 4 16 25
6 4 25 23
1 4 36 21
3 3 5 18
7 5 20 17
4 4 33 16
6 4 33 15
3 4 35 16
5 4 35 18
3 4 37 13
8 3 5 19
7 4 41 19
6 3 5 17
7 4 6 19
2 6 11 18
5 3 5 16
3 3 5 9
6 4 43 11
5 4 50 12
6 3 6 75
2 4 7 76
3 4 7 76
3 4 8 72
1 4 9 76
6 6 22 77
3 4 8 76
4 5 23 77
5 4 11 75
4 6 19 75
4 4 26 76
5 3 6 61
2 5 25 61
5 6 32 59
6 4 8 61
5 4 27 58
6 4 35 61
4 4 47 60
4 3 7 38
2 5 42 38
3 4 21 37
2 4 20 36
3 4 24 38
6 5 37 39
5 3 7 39
5 4 19 37
1 4 21 40
4 3 7 39
8 3 7 9
6 4 7 9
8 4 22 8
5 3 6 10
5 4 34 7
6 4 34 6
8 4 35 8
4 4 35 6
8 5 34 4
6 4 33 4
2 3 7 5
6 3 8 98
3 4 60 99
4 3 8 77
2 4 25 76
5 3 8 75
2 4 14 74
2 3 8 72
4 3 8 69
8 4 21 69
7 6 45 68
3 4 51 68
5 3 6 69
4 4 11 68
3 4 30 71
6 4 36 70
4 4 41 69
1 3 8 59
5 4 8 58
3 5 30 59
2 4 29 61
7 5 46 59
7 4 43 56
5 4 42 58
5 3 8 47
4 3 8 42
7 4 28 42
5 4 41 41
6 3 8 37
2 4 14 36
4 4 14 38
6 3 8 17
5 4 26 16
8 3 7 17
3 4 9 15
3 4 14 17
2 4 18 19
4 4 25 19
2 4 50 20
1 4 55 23
4 3 7 15
1 4 12 15
3 4 20 16
2 3 6 15
5 3 9 100
6 4 25 98
4 4 30 97
5 3 9 54
4 5 45 54
4 5 55 57
3 5 54 55
3 4 15 55
4 8 36 55
6 6 40 57
3 4 17 55
2 4 25 55
5 4 28 56
2 3 9 46
7 4 13 44
3 4 22 46
2 5 23 46
5 4 36 44
5 3 9 29
4 4 15 29
5 5 38 29
5 4 47 25
2 3 9 26
3 4 23 25
2 4 32 22
2 3 9 15
5 4 24 13
3 4 49 13
8 4 47 12
6 3 8 15
3 3 10 84
5 4 14 83
6 4 35 82
1 4 34 81
1 3 9 85
6 3 10 77
4 4 33 77
7 3 10 77
4 4 30 79
3 3 10 44
5 3 11 88
5 3 11 72
3 4 15 70
7 6 24 72
7 4 27 72
1 3 10 71
6 3 11 44
4 4 12 44
5 5 21 45
1 4 23 41
6 5 23 40
6 4 25 44
1 3 10 45
7 3 12 20
8 3 13 98
4 3 12 99
3 4 34 99
3 3 12 99
5 3 13 94
7 4 36 95
2 3 12 94
4 3 13 92
4 4 25 90
6 4 31 89
4 3 13 88
1 3 13 81
5 4 33 79
3 3 13 75
4 3 13 70
3 4 21 68
6 4 21 70
8 4 33 69
6 3 13 71
7 4 14 70
2 3 13 31
5 5 31 30
7 4 14 31
6 5 14 31
4 4 12 31
5 4 20 33
6 4 20 34
3 4 23 34
2 4 23 32
7 4 24 32
6 5 24 32
7 4 34 32
5 3 11 33
6 3 13 22
1 4 38 22
6 7 48 22
3 4 51 22
2 5 54 22
5 3 13 21
5 5 35 21
8 4 20 20
7 4 21 20
5 4 52 23
6 3 13 20
4 7 13 19
3 5 12 21
4 4 33 24
4 3 13 5
7 4 21 6
7 3 14 95
2 4 20 94
4 4 22 93
7 4 25 93
4 3 14 83
6 3 14 77
8 3 14 73
5 3 14 71
2 3 14 55
4 5 14 54
5 4 30 53
8 3 14 54
1 4 32 53
6 3 14 53
2 3 14 23
1 4 22 24
1 3 15 88
5 3 15 80
5 4 25 81
6 3 15 47
5 4 14 47
3 4 32 47
5 3 15 41
4 3 15 40
4 4 31 40
7 3 15 19
3 4 27 21
4 3 16 96
5 4 18 96
6 3 16 6
4 3 17 87
6 3 17 41
3 3 17 40
8 4 29 40
7 4 28 40
3 6 27 39
4 3 17 41
5 3 17 34
2 3 17 1
3 3 18 69
4 4 27 67
8 3 17 69
1 4 32 69
3 4 35 68
5 4 35 68
4 3 18 40
8 4 18 39
2 3 17 37
6 3 18 23
1 4 22 22
2 3 18 22
3 3 18 16
5 4 17 16
6 4 24 19
5 3 20 70
6 4 19 71
4 7 27 68
2 5 25 70
5 3 17 70
2 3 18 69
2 3 20 50
1 4 21 50
5 4 33 51
5 4 41 51
7 3 20 26
2 3 20 23
1 3 21 81
3 3 21 79
5 3 21 37
1 4 30 37
2 5 48 36
5 4 39 37
7 4 39 36
3 5 44 37
3 3 22 98
5 3 21 96
7 3 22 98
8 3 22 52
3 3 22 53
2 4 37 53
3 3 23 53
1 4 27 52
7 4 26 52
2 3 23 50
4 5 35 50
4 3 24 46
4 4 30 45
2 3 24 30
1 4 30 30
1 3 25 92
2 3 25 27
6 4 48 27
7 3 25 21
1 4 39 22
2 3 24 22
5 3 25 14
2 4 33 13
6 5 35 15
4 3 24 14
4 4 28 12
5 4 28 10
3 4 29 15
6 3 25 13
4 3 25 13
3 3 25 9
4 4 28 11
1 4 28 10
5 4 31 10
5 3 26 54
2 3 25 54
2 3 26 50
1 3 26 38
8 3 27 56
6 3 27 14
3 3 28 82
8 3 26 81
5 3 28 82
5 3 28 43
7 3 27 42
7 3 28 32
5 5 29 31
4 5 32 34
6 4 45 35
6 3 29 62
3 3 29 30
2 4 29 30
5 3 29 8
8 3 30 32
2 4 34 35
3 3 30 15
5 4 32 14
3 3 31 92
4 3 31 11
1 3 32 73
6 3 33 65
7 3 33 66
7 3 33 17
5 3 34 79
6 3 34 79
2 3 34 63
8 4 34 63
1 3 34 51
6 3 34 36
2 3 35 91
2 3 35 57
3 4 36 57
7 3 35 4
4 3 36 64
5 3 36 20
7 3 36 2
6 4 35 1
6 3 37 63
4 3 37 28
3 3 38 95
3 3 38 25
6 3 39 73
3 3 39 2
3 3 41 91
7 3 43 99
5 3 44 95
4 3 46 99
4 3 46 1
6 3 48 7
7 3 50 27
2 3 53 59
2 3 58 1
4 2 1 95
2 4 8 95
1 3 19 95
3 3 22 95
6 3 24 93
6 3 32 94
2 2 1 89
3 3 6 90
5 3 7 89
1 3 6 89
3 4 27 86
3 3 19 87
6 3 22 90
5 3 24 85
6 3 25 91
3 3 25 85
4 3 29 91
6 2 1 62
5 3 4 63
3 4 36 62
3 3 15 64
7 4 23 64
6 4 22 64
2 4 23 63
3 4 26 62
7 3 17 64
2 3 19 65
3 3 18 65
5 3 18 64
4 3 31 65
3 2 1 62
6 2 1 54
3 3 6 53
4 3 17 53
4 4 28 52
1 4 29 53
6 3 21 54
2 4 22 55
3 4 21 53
8 3 20 55
1 3 22 55
5 3 23 54
3 3 24 55
4 3 40 56
8 3 39 56
8 2 1 20
5 3 14 20
3 3 14 19
6 3 16 17
4 3 16 16
8 3 16 15
5 3 24 17
4 3 28 14
7 3 27 15
4 2 1 16
6 3 1 14
2 3 14 14
2 4 25 11
6 3 16 12
1 4 25 11
4 2 1 10
8 4 1 8
4 3 3 12
2 3 3 12
8 3 7 11
6 3 7 10
3 6 17 10
6 4 13 11
1 3 11 10
5 3 13 10
4 5 13 11
6 3 18 12
7 4 18 11
7 2 2 100
6 3 21 99
8 3 22 97
5 2 2 93
8 3 10 92
5 3 10 91
1 4 10 91
7 4 22 90
6 2 2 93
4 3 17 92
3 3 17 94
4 2 2 92
1 2 2 91
5 2 2 91
6 3 7 90
2 2 2 90
2 3 10 91
5 3 13 89
8 3 18 91
3 2 2 90
4 3 4 88
8 4 12 90
3 5 11 89
7 3 8 90
2 3 10 89
5 3 10 89
7 3 12 93
5 3 15 93
2 3 14 93
8 2 2 91
1 3 8 90
1 2 2 89
3 2 2 85
2 4 24 85
2 3 3 86
2 4 16 85
4 4 21 84
8 3 4 85
8 3 12 86
6 4 13 87
6 2 2 86
6 2 2 84
5 3 3 84
2 3 2 84
1 2 1 85
5 4 11 84
3 2 1 83
6 3 7 82
1 4 9 84
4 3 29 83
4 2 1 83
1 3 5 84
7 3 6 84
2 3 27 81
7 3 28 81
6 2 2 85
5 3 4 85
4 3 4 86
2 3 4 87
7 4 5 84
2 2 1 85
6 3 4 83
5 3 9 86
1 4 14 87
4 3 10 83
3 4 16 83
3 3 10 80
1 3 32 78
7 3 33 78
7 2 2 84
2 2 2 85
2 2 2 78
5 3 7 79
4 3 8 76
3 3 8 78
3 3 13 79
5 3 12 78
7 3 20 78
3 4 24 78
1 3 20 74
8 4 25 74
1 4 24 73
5 4 25 73
2 4 23 74
3 4 25 72
7 3 28 77
6 2 2 70
8 3 20 71
5 3 20 72
3 2 2 68
2 3 3 68
3 2 2 68
2 4 14 67
7 3 9 68
1 4 11 68
1 5 18 66
4 3 19 65
7 3 22 63
5 2 2 55
1 3 8 56
4 4 24 58
1 3 17 55
4 3 17 55
2 3 18 57
6 4 30 58
8 3 20 55
3 3 22 57
2 3 23 58
7 3 23 59
8 3 27 59
4 2 2 55
2 3 6 56
3 4 6 57
4 4 6 57
6 3 5 56
6 3 17 53
2 2 2 54
5 3 2 54
7 2 2 46
3 3 4 46
7 3 6 47
8 4 16 47
2 3 14 49
1 4 13 49
7 3 16 44
6 3 16 46
6 3 17 49
5 3 16 49
5 3 19 43
6 3 22 47
2 3 26 41
8 3 26 42
4 3 25 43
6 3 25 42
6 3 28 45
8 3 27 45
4 3 27 45
2 3 29 42
6 3 30 43
8 2 1 45
3 3 14 46
2 5 14 46
4 3 14 46
1 3 14 47
3 2 2 43
7 2 2 44
1 3 10 44
2 3 11 44
6 2 2 43
2 3 4 41
4 3 4 40
5 3 5 40
6 4 5 40
2 3 9 38
7 3 9 40
8 3 9 39
7 3 14 38
1 2 2 42
7 2 1 41
1 3 5 40
1 3 9 40
5 3 8 40
8 2 2 38
7 3 3 37
8 3 5 38
3 3 5 38
8 4 22 37
5 4 31 35
3 3 11 38
6 4 11 36
4 3 21 35
6 3 24 36
4 3 25 35
3 3 44 35
6 2 2 37
3 3 19 37
1 2 2 35
2 3 2 34
7 3 15 35
3 3 28 33
3 2 2 24
5 3 3 24
5 5 10 24
2 4 2 23
4 4 14 23
4 4 34 23
6 3 8 24
5 5 12 24
5 4 26 24
8 3 12 25
2 4 34 25
3 3 12 24
8 3 20 24
6 3 21 22
3 3 25 21
5 3 30 26
5 3 33 25
8 3 32 25
7 2 1 23
8 3 9 22
7 3 19 23
4 3 22 22
6 2 2 23
3 3 2 23
3 3 9 23
4 3 10 24
3 4 25 25
7 3 10 25
8 2 2 22
7 2 2 21
6 2 2 22
3 3 18 20
8 2 2 16
4 3 7 16
5 2 2 15
6 3 9 15
7 4 10 15
5 3 16 14
3 2 3 99
5 2 3 90
2 2 3 83
1 2 3 75
6 3 11 75
8 3 16 75
4 2 3 67
7 3 2 66
8 3 7 68
4 4 7 68
4 3 11 66
8 4 12 67
3 3 12 64
8 3 15 68
2 4 23 68
3 3 14 68
7 3 17 66
3 3 22 65
6 4 23 67
8 2 3 65
4 3 19 66
5 2 3 56
7 3 8 57
1 4 18 57
5 3 11 55
6 3 11 57
3 4 10 56
1 2 3 45
2 3 17 45
7 4 21 47
8 3 17 45
7 4 16 43
3 3 16 46
5 4 21 47
6 3 16 43
2 2 3 44
8 2 2 44
3 3 8 44
8 3 9 43
5 2 1 43
3 3 1 42
3 2 3 30
3 3 22 30
2 2 3 29
4 4 18 29
3 3 18 27
4 4 24 26
2 4 28 28
1 5 28 27
1 3 19 27
7 4 28 27
7 3 22 30
6 4 27 28
8 3 23 28
8 3 26 28
4 3 26 28
5 4 26 27
8 2 3 27
4 3 7 27
1 3 14 25
6 4 14 26
7 3 13 26
1 2 3 25
6 3 11 25
2 2 2 24
3 2 2 23
7 3 2 22
6 3 12 21
3 2 2 23
4 2 2 24
5 3 2 24
3 4 4 26
8 2 2 25
1 2 2 23
8 2 3 16
2 3 7 15
3 2 4 94
4 4 10 92
6 2 4 93
6 3 9 93
6 2 4 90
2 4 10 88
3 2 4 88
8 3 13 87
8 2 4 89
4 5 5 88
6 3 4 87
7 2 4 85
2 2 4 80
8 3 26 78
5 2 4 79
4 2 3 79
3 3 3 80
1 3 10 78
4 4 22 77
3 3 13 77
5 3 13 78
5 3 24 77
1 2 4 72
5 3 9 72
7 3 9 73
3 3 17 74
6 2 3 72
2 3 4 73
6 3 7 73
4 3 7 71
6 3 12 72
5 2 4 74
4 3 13 74
2 2 4 71
7 2 4 71
2 3 6 72
6 2 4 69
3 6 7 67
2 3 7 71
6 3 7 67
4 3 10 72
5 3 12 68
7 2 4 66
7 4 17 64
2 3 21 65
7 2 4 61
1 2 3 60
4 5 3 59
8 3 21 59
6 3 20 59
6 2 3 60
6 3 10 59
7 2 2 59
3 2 2 60
5 3 18 60
8 3 18 60
5 3 23 60
3 3 29 59
5 2 2 59
1 3 9 59
2 2 1 58
3 3 17 59
8 3 18 60
8 2 1 59
3 2 3 60
1 4 15 59
4 3 12 58
7 3 17 58
7 2 4 49
3 3 22 49
7 3 23 50
2 3 23 50
1 3 28 51
4 3 33 52
7 2 4 35
3 3 12 33
5 3 13 35
2 3 18 34
2 4 25 33
7 3 18 35
3 2 4 35
1 3 14 35
5 2 3 35
8 5 11 34
4 3 12 33
4 2 3 35
4 3 13 34
5 3 14 36
4 3 28 32
2 2 4 36
5 4 7 35
4 3 7 37
2 3 7 38
6 3 21 34
4 2 4 30
2 3 8 31
2 3 22 28
7 2 4 29
8 2 3 29
2 3 12 27
6 2 3 30
6 3 17 31
3 3 20 33
5 3 20 33
2 2 3 29
3 4 10 28
4 3 15 31
7 3 15 32
7 2 4 30
8 3 11 31
5 2 4 3
7 2 4 1
3 2 5 98
6 3 11 98
4 3 19 98
6 2 5 93
7 2 5 90
4 2 5 76
8 3 6 77
1 2 5 72
6 2 5 63
8 2 5 64
4 4 8 64
2 3 5 64
5 3 10 64
7 2 5 59
5 3 17 58
5 2 5 41
3 3 5 41
7 2 5 40
8 2 5 39
4 3 9 38
6 2 5 38
5 2 5 32
7 2 5 23
6 2 5 20
1 2 4 20
3 2 4 19
2 3 9 20
6 3 9 21
7 2 4 20
8 3 6 20
6 3 10 19
4 3 10 20
6 3 13 20
3 2 5 19
2 3 16 20
4 2 5 16
1 3 6 17
1 2 5 13
8 2 5 14
8 3 12 13
8 3 14 11
7 2 5 15
7 2 5 11
6 2 5 6
2 3 21 5
6 2 5 2
5 3 14 1
6 3 20 2
4 3 26 3
5 3 32 4
6 3 31 2
4 3 32 1
5 2 5 2
6 4 17 3
3 3 5 2
8 3 13 3
7 3 24 1
2 2 6 99
1 2 6 99
7 3 10 98
2 3 21 97
6 3 27 99
5 2 6 96
3 2 6 94
2 3 6 92
7 2 6 92
8 3 7 92
5 2 6 91
5 2 6 66
2 3 8 65
3 2 6 65
8 2 6 65
3 3 9 64
1 2 6 64
8 3 8 63
6 2 6 57
5 3 6 57
2 2 6 58
6 3 19 59
5 2 6 57
8 3 6 57
1 2 6 53
3 3 10 51
2 3 10 53
3 2 5 53
8 2 6 51
7 6 14 50
1 4 18 51
2 3 15 52
5 2 6 50
4 2 6 48
6 2 6 45
5 2 6 46
2 2 6 45
8 2 6 46
4 3 10 46
8 3 10 47
6 2 6 46
7 4 6 46
6 3 4 45
4 3 6 44
7 2 6 43
3 3 18 43
2 2 6 36
1 3 12 35
5 2 6 25
8 2 6 25
1 2 6 26
4 2 6 19
2 2 6 20
1 3 9 18
5 3 9 18
4 3 11 20
4 2 6 10
4 3 22 9
8 2 6 6
6 3 6 4
2 3 12 5
3 5 15 4
5 3 13 7
5 4 18 7
4 3 12 5
7 3 14 5
6 3 13 5
2 3 14 3
5 4 14 3
6 3 15 8
3 3 13 8
7 2 6 5
5 4 16 5
4 3 7 3
6 3 14 4
8 3 13 2
8 3 17 3
1 3 16 1
6 2 7 83
4 2 7 75
2 2 7 68
1 2 7 66
2 2 7 42
7 2 7 42
3 2 7 41
8 2 7 42
2 2 7 38
6 2 7 36
5 2 7 20
3 3 9 18
7 2 7 21
1 2 7 22
7 2 7 9
4 2 6 8
5 2 7 8
3 3 15 7
1 2 7 6
4 2 7 7
1 2 7 8
8 3 10 8
4 3 18 7
3 3 18 9
2 3 20 8
5 2 7 6
3 2 7 3
5 3 7 1
6 3 7 3
2 4 7 3
3 2 5 2
3 2 7 4
5 2 8 99
8 3 11 98
4 2 8 77
5 2 8 75
1 2 8 75
3 2 8 74
7 3 9 74
7 2 8 69
7 3 11 69
2 2 8 63
3 2 8 28
3 2 8 22
7 2 8 22
5 2 8 13
7 3 11 11
3 2 9 95
8 2 9 96
1 4 9 95
4 2 9 98
2 3 11 99
2 2 9 81
5 2 9 75
2 2 9 71
3 2 8 71
8 2 7 70
4 2 8 69
1 2 8 70
5 2 9 52
5 2 9 47
5 3 15 47
6 2 8 47
3 3 10 47
1 2 8 48
5 4 8 47
4 3 9 49
7 2 7 48
2 2 6 48
2 2 7 48
4 3 11 49
5 2 8 50
7 2 7 50
2 2 7 51
8 2 9 41
5 2 9 29
2 2 8 29
6 5 9 28
7 2 8 29
1 2 9 30
5 2 9 27
1 2 9 27
8 3 16 26
4 3 16 27
8 2 9 21
4 2 9 22
7 2 9 17
2 2 9 14
5 2 9 12
6 3 10 12
4 2 10 94
6 2 10 90
7 2 10 88
8 2 10 65
7 2 10 66
7 2 10 56
2 4 10 55
3 2 9 55
6 2 10 25
2 2 10 23
3 2 10 13
7 2 9 13
6 2 9 13
1 2 10 12
2 2 9 12
5 3 10 12
3 2 10 9
2 3 16 9
6 4 18 7
7 3 18 7
3 2 11 97
1 3 11 96
7 3 14 96
3 3 15 98
4 2 11 94
6 3 13 94
5 2 11 90
6 2 11 79
7 2 11 80
4 3 10 80
8 2 10 80
6 2 10 81
5 2 9 81
3 3 9 80
6 3 12 78
7 2 10 82
8 3 9 81
7 4 9 82
2 3 8 80
6 2 7 81
1 2 8 81
4 2 8 80
5 2 10 82
6 3 10 82
4 3 10 82
2 2 9 83
1 2 11 78
5 2 11 79
5 3 13 79
6 2 10 79
1 2 11 79
3 2 11 73
5 2 11 65
7 2 11 50
6 2 11 49
1 2 10 49
2 2 11 36
3 3 10 35
4 2 10 35
1 2 11 35
2 3 11 33
3 3 11 32
8 3 12 32
4 3 12 32
6 3 11 32
8 3 13 36
4 2 11 13
2 2 11 7
4 2 12 55
6 2 12 34
2 3 17 34
1 2 11 34
5 2 11 35
3 2 12 4
1 2 13 94
1 2 13 59
1 2 13 52
8 2 13 42
6 2 13 35
1 2 13 33
8 2 13 28
3 2 13 26
6 3 13 26
8 2 12 26
1 2 13 8
7 2 13 8
6 2 13 9
3 2 14 66
6 2 14 52
3 2 14 35
6 3 17 36
8 2 14 30
4 2 14 31
4 2 14 17
8 2 14 9
7 3 20 8
6 2 14 7
5 2 15 56
3 2 15 56
7 2 15 53
4 2 15 36
6 2 15 5
7 2 15 1
2 2 14 1
4 2 16 73
2 2 16 10
6 2 15 10
7 2 16 5
4 2 17 69
1 2 17 8
6 2 18 69
4 2 18 13
5 2 17 13
5 2 19 99
7 2 19 99
2 2 19 63
4 2 18 62
4 2 19 45
6 2 19 1
7 2 18 1
2 2 20 83
7 2 19 83
7 2 20 78
3 2 21 21
8 2 22 1
2 2 21 1
3 2 24 52
2 2 23 52
2 2 25 99
1 2 25 100
7 2 26 99
4 2 26 99
5 2 29 100
6 2 29 7
5 2 30 100
6 2 34 100
2 2 34 100
6 2 34 1
4 2 42 100