457
403
3 2 2501 2
2 2 2500 2
1 3 2499 1
5 2 2498 2
3 2 2497 2
6 2 2496 2
4 3 2500 1
7 2 2495 2
6 2 2494 2
8 2 2493 2
5 2 2492 2
7 2 2491 2
7 2 2493 1
7 2 2508 1
8 2 2518 1
8 2 2525 1
7 2 2525 2
7 2 2537 1
2 2 2540 1
1 2 2545 1
8 2 2545 2
3 2 2545 1
8 2 2545 1
6 2 2545 1
2 2 2545 1
7 2 2545 2
4 2 2554 1
5 2 2560 1
8 2 2561 1
6 2 2582 1
2 2 2593 1
7 2 2593 2
3 2 2594 1
8 2 2594 1
7 2 2599 1
2 2 2606 1
5 2 2623 1
8 2 2634 1
6 2 2634 1
3 2 2640 1
4 2 2641 1
7 2 2641 1
8 2 2647 1
1 2 2648 1
1 2 2650 1
8 2 2650 1
1 2 2658 1
2 2 2659 1
3 2 2662 1
7 2 2665 1
3 2 2677 1
1 2 2680 1
1 2 2693 1
7 2 2711 1
8 2 2723 1
7 2 2728 1
3 2 2730 1
8 3 2730 1
2 2 2729 1
6 2 2730 1
7 2 2736 1
3 2 2736 1
6 3 2736 1
1 2 2749 1
2 2 2761 1
4 2 2768 1
3 2 2768 2
5 2 2767 1
1 3 2767 1
2 2 2766 1
5 2 2780 1
8 2 2780 2
3 2 2792 1
4 2 2806 1
1 2 2809 1
4 2 2810 1
5 2 2810 1
2 2 2821 1
1 2 2827 1
6 2 2833 1
3 2 2833 1
3 2 2843 1
5 2 2843 1
3 2 2848 1
4 2 2849 1
7 2 2849 2
7 2 2850 1
5 2 2852 1
7 2 2852 1
4 2 2859 1
2 2 2861 1
1 2 2861 2
3 2 2868 1
6 2 2875 1
2 2 2875 1
2 2 2890 1
2 2 2916 1
4 2 2919 1
2 2 2919 2
6 2 2918 2
5 2 2917 1
8 2 2917 1
7 2 2923 1
2 2 2925 1
6 2 2925 2
7 2 2925 1
7 2 2938 1
1 2 2938 1
4 2 2938 1
3 2 2940 1
6 2 2945 1
5 2 2951 1
4 2 2953 1
7 2 2954 1
8 2 2954 2
3 2 2954 1
5 2 2953 1
3 2 2952 1
7 2 2953 1
6 2 2953 2
4 2 2952 2
5 2 2959 1
4 2 2962 1
1 3 2962 1
8 2 2961 2
4 2 2960 1
3 2 2960 1
5 2 2961 1
7 2 2961 1
4 2 2969 1
7 2 2971 1
6 2 2986 1
7 2 2986 1
7 2 3009 1
3 2 3009 2
4 2 3008 1
4 2 3041 1
4 2 3048 1
5 2 3049 1
6 2 3050 1
4 2 3050 1
2 2 3052 1
1 2 3052 1
4 2 3052 1
8 2 3051 1
1 2 3061 1
5 3 3061 1
1 2 3070 1
7 2 3072 1
3 2 3074 1
1 2 3074 2
5 2 3087 1
2 2 3094 1
6 2 3101 1
5 2 3107 1
8 2 3110 1
4 2 3113 1
2 2 3113 2
3 3 3113 1
1 3 3112 1
1 2 3123 1
4 2 3142 1
6 2 3145 1
1 2 3159 1
2 2 3178 1
4 2 3195 1
8 2 3210 1
8 2 3213 1
6 2 3215 1
7 2 3218 1
1 2 3218 2
2 2 3239 1
3 2 3240 1
1 2 3240 1
8 2 3246 1
4 2 3246 2
6 2 3246 1
7 2 3253 1
4 2 3253 1
6 2 3256 1
7 2 3256 1
2 2 3258 1
3 2 3264 1
4 2 3271 1
5 3 3271 1
1 2 3275 1
4 2 3278 1
4 2 3290 1
8 2 3291 1
2 2 3291 1
5 2 3315 1
6 2 3315 2
3 2 3320 1
1 2 3368 1
6 2 3369 1
5 2 3369 2
8 2 3368 2
1 2 3373 1
2 2 3389 1
4 3 3389 1
8 2 3389 2
4 2 3391 1
6 2 3391 1
1 2 3404 1
7 2 3406 1
1 2 3413 1
2 2 3415 1
6 2 3416 1
1 2 3422 1
7 2 3428 1
4 2 3428 2
3 2 3428 1
3 2 3430 1
1 2 3430 2
7 2 3429 1
2 2 3431 1
8 2 3441 1
8 2 3446 1
5 2 3456 1
5 2 3458 1
7 2 3459 1
2 3 3459 1
8 2 3458 2
2 2 3457 2
7 2 3464 1
3 2 3469 1
1 2 3469 1
5 2 3468 1
4 2 3489 1
6 2 3489 2
4 2 3494 1
1 3 3494 1
6 2 3497 1
7 2 3514 1
4 2 3514 1
4 2 3547 1
4 2 3556 1
5 2 3589 1
1 2 3599 1
3 2 3601 1
4 2 3601 1
6 2 3601 1
5 2 3601 1
4 2 3610 1
1 2 3613 1
5 2 3626 1
1 2 3626 1
4 2 3626 1
6 2 3638 1
6 2 3663 1
1 2 3664 1
7 2 3664 1
3 2 3663 1
8 2 3690 1
3 2 3690 1
2 2 3701 1
3 2 3701 1
1 2 3704 1
6 2 3704 1
1 2 3716 1
5 2 3716 1
8 2 3720 1
2 2 3721 1
4 2 3721 1
6 2 3723 1
3 2 3725 1
7 2 3725 2
4 2 3728 1
3 2 3741 1
6 2 3748 1
1 2 3748 1
3 2 3747 1
6 2 3759 1
1 2 3760 1
4 2 3761 1
1 2 3763 1
3 2 3826 1
7 2 3826 1
6 2 3836 1
6 2 3838 1
4 2 3838 1
2 2 3841 1
7 2 3841 2
8 3 3841 1
3 2 3840 2
1 2 3839 2
5 2 3838 2
6 2 3854 1
8 2 3862 1
7 2 3862 2
2 2 3862 1
5 2 3861 1
4 2 3865 1
5 2 3867 1
1 2 3872 1
7 2 3872 2
1 2 3887 1
8 2 3895 1
2 2 3896 1
3 2 3907 1
6 2 3907 1
8 2 3913 1
5 2 3918 1
4 2 3921 1
8 2 3921 1
5 2 3941 1
1 2 3941 1
7 2 3941 1
4 2 3949 1
1 2 3949 1
5 2 3961 1
4 2 4018 1
7 2 4026 1
8 2 4027 1
6 2 4027 2
7 2 4029 1
5 2 4034 1
7 2 4041 1
4 2 4042 1
6 2 4048 1
5 2 4048 1
4 3 4048 1
3 3 4047 1
1 2 4047 2
8 2 4058 1
3 2 4065 1
7 2 4066 1
6 2 4078 1
5 2 4088 1
3 2 4088 1
5 2 4102 1
6 2 4102 2
1 2 4106 1
3 2 4107 1
8 2 4113 1
5 2 4115 1
6 2 4120 1
4 2 4130 1
3 2 4141 1
3 2 4154 1
1 2 4167 1
2 2 4193 1
1 2 4203 1
1 2 4206 1
5 2 4206 2
2 3 4206 1
4 2 4205 2
1 2 4207 1
2 2 4223 1
2 2 4235 1
2 2 4237 1
8 2 4239 1
7 2 4242 1
1 2 4254 1
7 2 4257 1
1 2 4262 1
2 2 4263 1
8 2 4274 1
1 2 4274 1
5 2 4275 1
7 2 4275 1
3 2 4283 1
5 2 4283 2
2 2 4283 1
6 2 4283 1
8 2 4287 1
4 2 4307 1
1 2 4307 1
2 2 4312 1
3 2 4317 1
2 2 4317 1
2 2 4321 1
7 2 4322 1
2 2 4327 1
1 2 4332 1
5 2 4338 1
5 2 4347 1
2 2 4365 1
4 2 4385 1
2 2 4385 1
3 2 4385 2
7 2 4387 1
5 2 4404 1
6 2 4405 1
1 2 4405 2
4 2 4425 1
1 2 4427 1
5 2 4429 1
1 2 4447 1
5 2 4459 1
7 3 4459 1
1 2 4467 1
5 2 4467 1
5 2 4474 1
8 2 4478 1
1 2 4496 1
4 2 4508 1
1 2 4525 1
3 2 4525 1
1 2 4533 1
3 2 4557 1
1 2 4570 1
3 2 4570 2