2138
120
1 15 11 9
2 12 11 5
3 11 10 2
6 10 19 22
5 9 9 22
7 12 8 24
8 9 10 20
4 9 11 14
4 9 18 22
1 8 9 22
5 8 13 10
4 7 3 10
7 7 10 12
7 7 12 20
8 7 22 18
8 6 2 13
4 6 3 1
6 6 6 11
1 7 10 11
6 8 11 9
1 6 9 13
4 6 11 6
1 6 11 6
7 5 4 21
2 5 4 18
6 7 13 18
6 6 4 18
1 5 7 1
1 5 8 22
5 5 10 9
8 5 10 3
5 5 11 20
2 5 11 9
8 5 11 8
1 5 12 3
5 5 13 15
3 5 13 16
4 4 5 5
3 5 6 6
5 6 10 7
6 5 4 6
6 4 6 19
1 6 6 18
4 4 5 20
5 4 6 15
7 4 4 14
8 6 8 14
6 4 3 15
3 5 2 13
2 5 3 15
3 4 7 15
7 4 8 19
4 4 5 18
1 4 8 18
3 4 8 9
1 4 9 3
7 4 12 3
1 4 13 15
5 3 2 15
4 4 10 15
1 3 3 15
2 4 4 15
2 3 3 11
2 4 9 11
6 4 8 11
1 3 3 10
6 3 2 11
4 3 4 22
5 3 4 9
2 4 4 8
8 6 4 7
5 3 5 17
7 6 6 17
1 3 5 4
4 3 6 24
2 4 9 23
4 3 6 12
7 4 8 13
3 5 8 13
5 3 5 12
4 3 5 12
1 3 6 13
7 3 8 1
5 5 8 1
6 3 10 1
2 3 11 20
8 3 11 5
6 2 1 23
2 2 1 23
5 3 4 23
1 2 1 22
8 2 1 22
6 3 1 21
1 2 1 18
3 3 1 17
2 3 3 19
6 3 3 19
6 2 1 5
1 2 1 4
2 2 1 5
6 2 1 1
5 2 1 1
7 3 2 2
4 2 1 1
1 2 2 22
8 2 2 1
5 2 3 22
8 2 2 21
8 2 3 15
8 2 3 10
2 2 3 1
3 2 4 18
6 2 4 18
5 2 5 16
6 2 5 11
7 2 5 12
7 2 5 3
5 2 6 4
3 2 9 16
4 2 9 3