15395
2378
8 10 63 59
2 9 23 6
4 8 51 86
8 8 70 97
2 7 18 29
6 7 23 5
4 8 64 8
7 7 67 24
3 7 73 93
2 9 90 93
8 7 93 40
8 6 11 59
5 6 12 75
3 6 16 97
6 6 16 21
8 7 44 19
7 6 18 33
4 9 78 34
6 6 27 99
5 6 45 79
3 6 51 24
5 6 68 39
5 6 77 12
7 6 84 74
5 6 85 72
6 6 85 39
4 6 89 67
1 6 91 40
7 6 93 84
3 6 93 20
5 6 94 19
5 6 95 60
4 6 97 6
7 5 5 78
6 6 43 80
4 6 44 85
4 5 7 23
1 6 7 21
7 6 21 22
1 5 11 77
5 6 53 78
2 5 14 7
5 8 77 9
6 5 13 2
1 5 20 11
7 5 20 9
4 5 21 89
2 5 24 36
1 5 27 32
1 6 63 32
5 5 34 59
6 5 35 59
6 6 77 60
3 7 88 60
2 5 38 81
4 5 37 81
8 5 38 8
6 6 38 4
3 7 81 8
5 5 39 9
6 6 89 9
7 5 42 66
2 7 94 65
8 5 42 24
8 5 43 60
5 5 44 97
6 5 44 46
2 5 53 19
7 6 88 19
8 5 55 1
3 5 56 53
3 8 88 53
1 5 58 70
8 6 58 69
3 5 62 1
7 5 63 96
4 5 64 48
2 5 65 17
4 6 65 18
6 7 68 14
4 5 66 82
4 5 71 28
2 5 74 1
3 5 77 61
7 5 79 70
7 5 79 11
5 5 81 69
1 5 90 14
6 4 3 32
7 5 27 30
7 6 60 29
8 4 5 36
8 5 31 34
4 5 37 35
5 5 60 32
4 5 60 36
4 5 67 38
5 4 6 61
1 5 45 61
8 4 7 85
6 4 7 66
1 5 43 68
4 5 62 66
3 4 7 65
2 4 8 65
3 4 8 25
5 5 80 26
2 4 8 26
7 6 8 24
6 6 81 23
4 5 33 28
4 4 8 18
5 4 10 65
6 4 9 65
3 6 82 65
6 5 11 65
8 5 9 64
3 7 31 67
4 5 9 62
7 5 35 69
3 5 42 61
3 5 46 71
7 6 47 73
7 5 46 70
7 5 50 69
1 4 9 66
1 4 10 60
2 5 12 58
2 6 58 58
4 5 42 61
3 4 11 97
7 5 65 96
8 5 81 96
2 4 11 43
4 5 76 41
7 4 10 43
1 5 84 45
5 4 13 16
7 5 62 16
4 6 71 15
7 4 13 11
2 4 14 12
6 4 15 76
1 6 16 76
7 5 15 79
4 5 18 75
8 4 16 16
5 4 17 54
6 5 21 53
5 5 21 55
5 4 18 39
4 4 19 44
5 5 75 44
5 4 19 13
6 5 60 13
1 4 20 29
3 5 25 28
7 5 47 26
6 6 46 26
8 4 22 2
5 6 35 2
3 5 34 2
5 4 23 100
6 4 23 81
5 4 23 42
2 5 25 41
5 4 25 80
7 4 25 71
2 4 26 55
4 5 41 53
8 5 44 53
2 4 27 97
4 4 29 93
4 5 71 94
1 5 69 93
4 4 29 38
7 5 49 38
8 5 78 37
8 4 29 25
8 4 31 10
1 5 74 7
7 4 32 96
5 5 63 94
2 4 35 90
6 4 35 10
2 4 34 10
8 4 37 51
3 5 73 51
7 4 37 36
7 4 37 13
4 4 38 27
2 5 57 27
1 5 85 29
7 5 87 30
4 4 38 5
8 5 50 4
1 4 40 88
2 4 40 63
2 4 40 41
1 4 40 9
6 4 43 98
1 4 43 21
1 5 79 20
6 4 43 20
4 4 41 19
3 5 70 19
4 4 45 97
8 5 45 96
2 4 46 86
7 4 46 11
4 4 46 11
2 5 55 10
1 4 46 4
7 6 72 5
1 5 59 5
8 4 47 90
7 6 58 90
7 5 67 92
5 5 67 92
7 5 72 93
3 4 49 7
5 4 51 88
5 4 51 67
1 4 51 33
7 4 51 23
5 5 58 20
6 4 52 52
3 4 54 10
8 5 74 10
7 4 55 82
6 6 68 82
2 4 55 76
5 5 68 75
6 4 56 81
1 4 55 81
1 4 58 16
1 4 59 40
3 4 60 39
4 5 67 39
7 4 60 34
8 5 62 36
3 4 61 54
1 4 64 25
4 4 65 8
2 4 66 88
8 4 67 81
2 4 67 55
3 4 69 57
1 4 71 100
3 4 72 85
5 4 71 83
6 4 72 6
1 4 74 38
2 4 74 32
1 4 77 56
8 4 78 96
7 4 78 31
8 5 82 30
4 4 80 2
2 4 81 75
4 6 82 74
1 4 80 77
5 4 84 20
8 4 86 64
5 3 2 99
5 4 9 99
3 4 65 98
2 4 79 99
6 3 2 97
4 4 30 95
4 4 36 96
5 4 36 95
3 4 37 97
8 3 2 92
2 4 3 93
5 4 9 94
8 4 13 97
6 4 14 94
7 4 60 93
5 4 70 99
4 3 2 59
2 4 23 57
4 5 76 58
8 4 32 55
6 4 47 55
6 3 2 53
1 4 24 53
7 5 31 54
2 4 34 56
5 4 49 57
4 4 66 52
5 4 73 56
6 4 71 56
8 4 73 57
3 3 2 38
6 6 10 36
4 4 2 39
4 4 14 35
3 4 23 38
7 4 46 34
5 4 50 38
2 5 65 37
6 4 50 41
2 4 58 34
6 4 67 36
8 3 2 1
6 4 73 3
5 3 3 72
6 4 36 73
8 4 62 72
2 5 65 69
2 3 3 53
1 4 21 54
4 4 68 55
5 4 78 52
5 3 3 47
8 4 30 48
2 5 41 48
5 5 46 48
4 5 90 46
4 4 33 46
2 4 46 47
5 4 56 45
7 4 57 50
6 4 57 51
5 4 55 52
3 4 83 48
8 3 3 43
6 5 4 46
8 4 40 46
7 4 50 47
4 4 50 47
5 3 3 6
2 4 36 8
5 4 47 3
4 4 68 6
6 3 4 82
1 5 70 80
6 4 7 80
8 4 8 83
6 8 9 82
6 5 36 83
7 5 36 81
3 4 7 82
1 5 49 82
1 5 67 83
2 4 8 82
7 6 38 86
7 5 68 86
2 4 28 85
1 4 36 86
1 4 51 86
2 5 51 87
3 4 60 83
2 4 70 88
3 4 69 90
5 4 70 80
7 3 4 82
3 4 33 83
3 5 63 80
4 4 63 80
1 3 4 61
2 4 3 60
1 4 22 63
4 4 60 65
5 3 2 62
6 4 20 63
4 4 23 64
5 4 35 64
5 5 48 65
3 5 56 62
6 4 67 63
8 4 76 66
4 3 3 64
4 5 34 62
4 4 10 64
1 5 42 63
2 4 42 65
8 4 43 62
6 3 2 64
6 4 24 64
5 4 34 61
1 4 59 63
7 3 5 84
4 4 41 82
3 4 77 85
6 4 80 88
8 3 5 12
4 3 5 10
7 4 53 7
5 3 6 83
4 4 8 81
6 4 45 81
2 4 70 79
4 4 85 77
4 3 6 48
2 4 79 49
8 3 6 20
3 4 50 21
5 4 49 20
1 4 78 19
7 3 5 20
8 4 16 21
3 4 30 22
8 3 7 73
6 5 43 72
5 5 43 72
7 4 60 73
4 4 60 72
2 3 7 73
7 5 13 74
2 5 12 72
2 4 30 72
8 4 54 75
1 4 56 75
6 5 69 78
4 4 66 74
1 3 7 71
5 5 19 72
6 4 60 75
3 4 80 76
7 3 7 60
3 4 69 58
2 3 7 23
6 4 28 23
7 4 59 21
4 4 66 24
2 5 66 24
7 3 7 7
2 4 7 7
2 4 67 6
7 3 8 100
7 3 8 97
4 3 8 68
1 3 7 67
1 4 17 68
6 5 75 66
3 3 8 53
8 4 16 53
3 3 8 49
5 4 7 47
1 3 8 40
7 4 39 40
8 4 69 41
5 4 81 42
2 3 8 32
3 4 28 32
3 5 72 30
8 3 9 89
7 4 21 88
7 5 29 86
8 6 30 88
3 5 47 89
3 4 35 87
3 4 57 89
6 4 66 91
7 4 78 87
1 3 9 68
4 5 66 67
2 4 30 69
8 5 75 69
2 3 9 62
3 4 9 63
1 4 8 64
3 4 18 61
4 4 24 61
1 4 28 60
4 3 9 9
1 3 10 86
2 4 61 85
4 3 10 34
3 5 42 34
5 4 11 36
6 6 70 36
1 4 15 35
4 4 69 39
7 3 10 20
2 3 11 77
3 4 73 77
3 3 11 46
3 4 20 46
3 4 35 45
8 5 57 45
8 4 35 44
2 4 55 42
5 4 58 44
2 4 74 44
4 4 76 44
7 3 11 40
4 3 12 75
2 3 12 69
4 4 35 69
5 5 69 69
7 3 12 24
6 4 16 24
5 6 36 25
6 4 33 25
8 4 40 28
6 4 81 27
5 4 81 28
8 4 81 27
2 3 12 23
3 3 12 11
1 4 32 13
6 4 53 8
4 3 12 12
4 4 30 12
3 5 36 11
5 4 36 12
4 5 41 11
8 5 86 15
5 3 12 6
7 4 12 6
8 3 10 5
4 4 10 6
8 4 17 4
5 4 50 7
5 3 13 81
8 4 30 82
5 4 38 84
1 3 13 54
2 4 59 52
1 4 60 54
6 6 60 53
6 3 13 52
2 4 66 51
3 3 14 87
2 3 14 81
8 3 14 47
7 3 14 35
7 3 14 28
6 4 20 28
7 5 33 26
8 5 58 27
2 4 26 29
5 4 29 30
5 6 55 29
1 4 32 25
3 4 39 30
7 4 46 27
4 3 15 53
5 4 33 53
7 4 32 52
2 4 51 53
7 4 54 52
4 4 53 53
4 6 57 53
3 3 15 42
5 4 22 42
6 4 27 43
6 4 61 48
5 4 72 46
1 3 16 74
8 3 16 47
4 3 16 42
7 3 16 40
5 4 58 41
7 3 16 11
4 3 16 12
5 4 17 10
2 3 17 93
5 3 17 57
3 4 25 57
7 4 25 59
5 3 17 36
3 6 28 34
3 4 63 37
3 3 17 35
7 4 46 33
3 4 58 32
6 4 58 32
7 3 17 36
8 4 17 34
2 4 25 37
6 4 31 40
7 4 50 42
2 5 55 39
5 4 60 38
7 3 17 29
1 4 54 31
6 3 16 28
2 4 35 28
2 4 44 27
6 3 18 72
8 3 18 56
5 4 62 56
5 3 18 11
2 4 44 8
3 4 44 9
1 4 52 8
2 3 19 79
2 4 35 78
5 5 46 77
1 3 18 79
8 4 21 78
8 4 28 79
5 4 34 79
5 6 52 76
1 4 55 78
2 4 55 79
7 3 19 75
4 3 19 46
7 5 69 44
7 4 27 45
7 5 35 45
4 4 62 45
2 3 19 46
7 3 19 6
6 4 48 6
3 3 20 36
5 4 23 37
5 4 26 34
6 4 28 34
7 4 56 33
1 6 56 32
6 3 20 35
7 4 22 34
5 3 20 15
2 3 19 13
3 3 21 55
3 4 50 53
5 3 20 55
3 3 22 83
7 3 22 63
8 3 22 19
2 3 22 5
7 4 64 4
6 4 79 3
7 3 23 68
7 4 29 69
2 4 41 70
2 3 22 67
2 4 27 66
2 5 47 67
5 3 23 57
4 4 49 58
6 3 23 56
5 3 23 5
7 4 38 4
2 4 47 7
8 4 47 7
5 4 47 6
1 3 22 4
4 3 24 56
1 4 48 54
8 5 48 55
6 3 25 97
5 3 25 85
1 5 38 83
4 3 25 71
2 4 25 71
2 4 32 70
1 4 31 72
1 3 25 38
7 4 38 36
2 3 25 34
8 3 25 3
5 5 70 3
7 4 43 1
8 4 59 2
1 3 26 98
3 4 38 96
1 4 46 96
2 4 48 99
8 4 56 95
2 4 74 95
3 3 26 90
3 3 26 36
4 3 26 16
5 5 38 17
1 3 25 17
2 4 37 16
7 4 53 18
5 3 27 95
8 4 29 96
1 5 40 93
6 4 48 97
3 3 27 93
8 3 27 59
7 3 27 42
4 4 35 42
3 4 33 41
8 4 68 42
4 3 28 88
3 3 28 64
3 3 28 22
4 5 33 24
1 3 29 64
4 3 29 59
2 4 52 59
3 3 29 29
6 3 29 17
7 4 57 17
3 3 30 35
6 3 30 28
1 3 29 27
7 3 30 7
6 3 31 42
6 3 31 31
2 5 53 30
2 3 31 31
2 4 67 30
8 3 32 84
2 3 32 24
8 3 33 24
1 4 45 25
1 4 55 23
3 3 34 92
7 3 34 75
4 3 34 72
2 4 48 73
1 4 54 71
6 3 34 66
7 3 34 43
6 3 34 29
8 5 58 28
6 4 57 29
5 4 60 31
7 4 60 30
3 3 34 24
1 4 39 24
4 4 41 27
6 4 57 21
4 3 34 2
6 4 41 2
2 4 44 2
2 3 35 96
5 5 55 96
6 4 65 94
8 3 35 35
8 4 38 35
6 3 36 95
1 3 36 97
5 4 35 97
6 3 36 86
8 3 36 65
6 3 36 60
1 3 36 59
2 3 36 35
5 3 36 29
3 4 46 27
7 4 47 29
3 3 36 28
7 3 37 69
3 3 37 59
6 3 37 4
5 4 41 3
4 4 42 3
3 3 38 74
1 3 38 74
3 3 38 30
7 3 39 93
3 6 38 91
1 5 40 91
2 6 59 89
5 4 40 91
4 3 39 91
8 4 58 91
4 4 58 91
6 3 39 38
8 3 40 78
6 3 40 33
7 3 40 33
2 4 40 32
4 4 56 32
3 3 41 65
7 3 42 89
8 4 74 87
3 3 42 76
6 4 46 78
2 3 43 96
2 4 50 94
8 3 43 93
8 3 43 56
4 3 43 11
1 3 44 81
3 3 44 63
1 3 44 60
7 3 44 33
3 4 60 31
8 3 45 68
4 3 46 91
4 3 46 63
7 3 47 54
2 3 47 20
6 3 47 17
2 3 47 8
7 3 48 85
6 3 49 49
3 3 49 17
8 3 49 15
5 4 61 13
8 4 67 14
7 3 50 26
8 3 50 12
3 3 49 12
7 3 51 91
6 3 51 43
1 3 51 31
8 4 52 31
5 3 51 11
8 4 52 9
7 3 52 81
6 3 51 81
2 4 52 83
6 4 51 83
5 4 51 82
4 3 49 82
8 3 53 71
8 3 53 51
6 4 70 50
6 3 54 59
6 3 54 39
7 3 55 88
4 4 71 88
6 3 55 88
8 4 56 87
4 4 66 89
7 3 55 58
4 3 54 58
8 3 56 99
7 3 56 93
8 3 56 84
1 3 56 38
7 3 56 39
3 3 57 88
4 3 57 15
3 3 58 69
1 3 58 51
2 3 59 84
1 3 60 51
3 3 60 10
3 3 61 68
5 3 61 18
3 3 61 8
5 3 61 1
1 3 62 44
3 3 62 1
5 3 64 23
8 3 65 77
6 3 66 13
3 3 65 14
1 3 67 17
7 3 68 90
1 3 68 43
2 3 68 22
3 3 69 94
8 3 69 47
3 3 72 14
2 3 81 100
8 3 89 50
7 2 1 69
2 4 49 67
3 3 8 67
8 4 30 66
7 3 10 69
1 5 47 68
8 3 19 66
5 3 29 67
2 3 29 68
8 4 51 67
7 4 51 68
1 4 56 67
6 3 46 71
2 3 49 70
3 3 53 68
2 3 65 71
4 2 1 70
5 4 22 69
8 5 32 71
3 4 30 71
4 3 8 69
6 4 22 69
6 6 30 73
8 3 7 69
5 3 7 68
5 4 15 68
6 4 27 66
4 3 5 68
1 4 15 69
3 3 19 67
4 5 19 65
6 3 22 67
5 3 32 69
6 3 34 73
8 3 53 75
2 3 53 76
3 3 53 76
1 3 57 76
8 2 1 63
5 3 6 64
8 3 22 66
2 3 22 61
6 3 31 62
4 4 51 59
2 3 43 61
6 3 47 66
2 3 47 61
3 3 48 63
8 3 48 62
8 2 1 59
4 3 11 60
6 3 18 59
2 3 25 61
7 3 43 62
5 3 43 59
2 3 45 58
1 3 53 58
8 2 1 49
7 3 2 49
1 3 4 51
4 4 12 51
2 4 48 50
2 4 53 50
2 3 12 48
1 5 20 49
6 4 19 47
3 3 15 48
8 5 34 48
8 4 20 48
5 3 18 47
1 4 26 46
7 4 38 47
8 4 46 50
2 3 23 49
8 5 37 48
6 4 36 48
6 3 24 51
5 3 24 52
1 4 34 51
4 3 26 48
8 4 54 49
6 3 29 54
3 3 28 54
8 3 31 53
2 3 31 55
6 3 36 54
2 3 36 50
8 3 39 56
7 3 39 58
1 3 39 57
6 3 41 46
5 3 45 53
3 2 1 48
4 3 12 49
3 4 29 47
6 3 12 49
1 4 54 49
3 3 15 49
1 5 29 48
5 3 18 49
4 4 39 48
4 3 20 50
5 4 38 50
5 3 20 48
7 4 22 49
8 4 22 52
1 5 41 50
8 3 33 51
7 3 33 50
7 3 44 51
4 3 44 53
6 3 45 51
2 3 48 49
7 2 1 25
2 3 13 26
4 3 30 24
1 4 35 28
6 3 30 24
3 3 47 27
6 3 53 28
1 2 1 26
7 4 13 25
3 4 18 25
8 4 43 23
2 3 16 25
2 5 41 25
4 3 17 26
3 4 31 25
7 4 32 27
4 3 22 26
6 5 36 26
8 4 31 28
7 3 30 25
4 4 46 24
5 3 31 25
8 3 39 30
6 2 1 27
5 3 11 28
1 3 10 29
3 3 10 30
6 3 28 30
6 4 53 31
7 3 28 32
1 3 35 32
3 2 1 21
4 3 26 20
6 4 40 19
5 4 63 20
8 3 31 23
3 5 58 19
2 3 36 22
4 4 48 21
5 4 50 20
3 3 40 18
6 3 57 18
8 3 65 17
1 2 1 16
6 3 13 16
2 3 22 15
1 5 44 16
3 4 28 15
7 3 26 16
5 4 49 16
1 3 26 16
8 3 28 15
6 4 32 15
7 3 36 17
8 5 51 16
1 3 39 18
8 3 40 17
5 4 41 19
5 4 57 15
6 3 40 20
8 3 38 19
8 4 51 20
1 3 43 18
2 3 48 19
4 2 1 13
5 6 5 12
2 4 49 12
7 4 52 12
2 3 22 11
3 4 22 11
5 4 33 10
8 4 39 11
5 3 34 14
8 3 36 16
5 3 36 9
1 3 42 10
5 3 43 9
8 3 47 8
3 3 48 15
4 4 48 16
6 3 54 13
8 3 54 6
1 2 1 7
8 3 5 5
5 3 5 7
4 3 20 6
6 4 21 4
1 4 55 5
8 3 23 8
2 3 23 8
5 3 36 6
3 3 40 9
1 4 43 9
7 3 39 8
6 3 43 11
2 4 43 8
1 2 2 89
2 4 36 90
3 4 51 89
7 3 35 91
1 3 41 91
6 4 40 90
2 3 42 93
8 3 51 90
8 2 2 75
8 3 16 74
2 3 16 75
4 3 16 75
1 4 56 73
1 3 18 75
3 5 39 73
5 5 39 73
4 4 38 75
6 4 53 74
4 3 19 77
6 3 22 79
1 3 39 75
8 3 39 76
3 3 42 78
7 3 42 76
7 3 49 71
1 2 2 76
5 3 6 75
3 4 10 74
6 4 37 76
5 3 25 72
4 3 30 76
4 4 36 75
7 4 46 75
7 3 37 78
1 3 47 79
6 3 47 81
3 3 48 77
5 3 53 78
7 3 53 79
7 2 2 73
7 3 14 73
2 3 35 75
5 3 34 75
6 3 34 76
4 3 46 72
5 2 2 65
3 3 5 66
1 3 22 66
6 2 2 62
8 3 14 62
4 3 14 63
8 3 16 60
4 3 17 59
8 3 18 64
3 3 18 58
1 3 28 64
1 3 32 58
3 3 40 60
1 3 42 61
8 3 41 61
7 4 41 60
6 3 43 62
5 3 45 60
3 3 45 57
4 2 2 55
7 4 22 55
6 3 6 54
4 3 7 55
8 3 19 56
5 3 31 53
3 2 2 52
8 3 8 52
8 3 22 50
1 3 31 49
2 3 36 54
3 3 41 52
5 2 2 42
5 3 26 43
4 3 31 43
2 3 63 42
5 2 2 40
2 3 16 39
6 4 24 39
7 3 31 41
7 3 45 40
7 3 49 38
7 3 57 40
3 3 60 41
2 2 2 34
5 4 41 35
3 3 10 33
5 3 49 32
7 2 2 20
4 3 5 20
6 5 35 19
3 4 39 19
7 3 34 21
7 3 36 21
1 4 36 21
3 2 2 19
2 3 3 17
4 3 24 18
7 3 34 18
4 3 47 21
8 3 46 20
8 2 1 18
1 3 31 19
5 3 34 18
4 2 2 18
7 4 7 18
2 3 8 15
4 4 50 16
6 3 8 16
4 4 8 17
3 3 13 15
1 4 39 18
8 4 44 16
5 3 21 15
7 4 40 15
3 3 20 14
7 3 36 12
4 3 37 15
6 3 38 18
3 3 38 15
8 3 49 14
6 3 49 13
5 2 2 2
5 3 4 3
5 3 19 1
4 3 22 2
8 3 59 3
4 3 60 2
6 2 3 94
1 2 3 93
5 3 3 92
4 3 15 94
3 3 18 94
1 5 20 93
7 3 18 90
3 3 18 90
2 3 20 95
6 4 51 96
1 5 51 97
1 3 20 96
4 3 22 89
2 3 23 96
6 3 23 95
5 3 23 90
4 3 46 97
5 3 47 88
4 3 53 98
6 2 3 89
6 3 15 88
7 3 44 87
1 4 44 88
3 2 3 86
6 3 29 86
4 3 49 87
6 2 3 87
7 4 10 87
2 4 20 86
8 4 30 86
2 3 27 87
4 3 28 89
1 3 29 85
5 4 48 84
6 3 30 86
1 2 3 86
5 3 3 86
5 3 15 87
2 4 38 87
2 3 18 85
2 3 32 88
5 3 36 86
8 3 36 85
4 3 38 86
1 3 42 85
8 3 46 84
6 2 2 86
5 4 41 85
4 3 3 87
5 3 10 85
8 3 15 88
8 3 21 85
8 3 33 87
7 3 38 87
2 2 1 85
3 3 14 86
3 3 15 86
3 3 19 85
2 4 20 86
1 4 26 87
4 4 33 86
5 3 31 88
4 3 35 82
2 3 36 83
7 3 37 81
3 3 37 82
7 3 40 81
4 3 45 80
8 3 45 81
1 2 3 83
2 3 31 84
2 2 3 82
7 3 6 83
5 5 24 80
1 4 10 83
1 3 18 83
6 3 31 83
2 2 3 68
2 4 22 67
2 4 30 67
1 4 30 70
5 4 39 70
6 3 24 70
8 3 26 67
4 3 29 69
6 3 33 70
6 3 42 70
3 3 46 73
7 2 3 64
7 4 25 64
1 3 2 64
1 3 13 63
6 3 16 63
3 4 16 63
1 2 3 65
7 3 12 64
2 3 22 63
5 2 3 63
7 3 12 62
4 3 12 63
1 3 41 60
4 3 41 61
4 2 3 62
7 3 14 62
4 2 3 55
2 3 16 55
5 4 20 53
6 4 39 51
4 3 21 53
3 3 32 54
2 3 36 53
7 2 3 51
2 3 5 50
3 3 20 49
4 4 20 49
7 3 19 49
6 3 18 48
6 4 33 46
4 3 30 51
3 3 31 51
3 2 3 50
4 2 3 51
6 3 3 49
2 3 9 50
7 3 9 52
5 3 9 50
1 4 8 49
3 3 7 51
7 3 22 49
4 4 29 49
6 3 32 52
8 4 32 53
4 2 3 50
1 3 5 51
3 3 16 49
5 2 3 50
2 3 17 50
1 3 27 48
5 3 27 49
2 2 2 50
7 3 3 49
6 3 16 51
8 2 2 51
1 2 2 52
8 3 19 51
5 3 19 52
4 4 27 52
3 3 21 53
3 2 3 43
4 3 49 41
7 3 51 42
2 3 52 43
5 5 54 42
5 2 3 38
4 2 3 37
4 3 7 37
1 3 19 39
5 3 21 37
8 3 21 37
1 3 30 41
1 4 43 41
2 3 33 40
4 3 33 40
6 3 48 42
6 2 2 37
1 4 22 35
7 3 9 38
5 3 26 34
8 3 27 35
3 3 32 35
7 3 32 37
1 3 35 38
8 3 35 38
2 3 43 37
3 3 43 33
8 2 3 32
3 2 3 30
4 4 5 30
8 4 16 29
5 3 2 29
5 3 6 31
2 3 6 31
6 4 35 30
2 3 12 30
4 4 19 31
3 3 12 31
1 3 15 29
7 3 14 29
8 2 2 29
7 3 3 30
7 3 29 30
6 2 3 29
3 3 3 29
4 3 12 28
2 4 21 27
7 3 14 27
5 3 23 26
6 2 3 26
2 4 7 25
1 4 27 23
5 3 3 25
2 3 21 25
3 4 24 24
4 3 33 27
4 3 35 22
1 3 40 22
7 3 40 21
7 2 2 26
1 3 5 27
5 3 13 24
1 3 13 25
4 3 29 25
8 2 3 22
1 3 28 21
3 3 32 20
2 3 36 22
4 2 3 23
6 3 3 23
1 3 3 23
8 3 15 25
4 4 18 26
1 4 24 27
6 3 15 27
6 3 17 26
6 3 20 26
5 3 20 24
8 3 31 22
3 3 33 21
8 3 42 23
1 3 42 24
3 2 2 24
7 3 5 23
7 3 14 25
3 3 18 26
5 2 3 24
4 3 15 23
6 2 3 19
2 4 23 20
6 4 25 20
1 3 11 20
2 3 26 21
5 3 26 20
3 3 25 19
1 2 3 20
6 3 7 19
5 3 7 20
7 3 15 20
4 3 24 21
6 2 2 20
4 3 15 18
5 3 21 18
4 4 23 17
7 3 21 20
2 3 22 17
7 2 3 19
4 2 3 7
6 4 9 7
6 4 35 6
3 4 36 6
5 3 23 5
6 3 27 10
8 4 32 9
2 3 27 6
1 3 34 4
1 3 41 9
7 2 3 7
7 5 17 7
2 3 22 5
2 4 31 4
8 4 30 2
4 4 39 1
4 3 27 8
8 4 32 6
6 3 28 8
7 3 29 9
6 3 34 8
7 3 37 2
3 4 37 1
4 3 38 10
7 3 38 3
2 3 42 10
7 3 42 11
1 2 3 3
1 4 25 2
4 3 39 1
2 2 3 2
6 3 20 2
5 3 28 2
7 2 2 2
3 3 30 2
6 3 32 1
1 3 31 2
4 3 41 2
1 2 3 1
5 3 40 1
5 2 4 98
7 3 4 98
6 4 48 100
4 3 35 100
3 3 46 98
6 3 47 98
5 2 4 86
6 3 19 87
4 3 23 88
8 3 22 87
3 3 35 88
7 2 4 85
4 3 4 84
5 3 16 86
1 3 16 86
4 4 17 85
6 2 4 83
1 2 4 83
4 2 4 78
8 3 13 79
3 3 16 79
4 4 37 79
3 3 25 80
3 2 4 77
1 3 4 76
4 3 32 74
7 2 4 66
5 2 4 65
4 4 26 64
7 3 20 66
7 3 25 66
7 2 4 56
3 3 7 55
4 3 23 54
6 3 30 55
5 3 41 57
5 2 4 52
7 3 22 53
2 2 4 53
2 3 13 52
6 2 3 52
1 3 14 53
1 2 4 51
3 4 4 50
6 2 4 40
3 2 4 40
2 3 5 39
5 3 36 40
8 3 36 40
6 5 36 39
3 4 43 43
7 3 49 43
7 3 53 43
8 2 4 38
4 3 25 37
6 3 37 36
3 2 4 33
6 4 4 31
5 4 36 33
8 3 4 31
4 3 11 33
5 3 24 33
4 5 24 33
8 2 4 24
6 3 18 23
8 3 17 23
5 4 18 21
3 3 17 22
3 3 24 25
3 2 4 23
4 2 4 12
2 3 5 11
2 3 15 9
6 4 15 7
1 3 15 9
3 3 16 7
1 3 19 11
7 4 32 12
7 3 20 11
4 4 30 7
3 4 30 7
5 3 23 8
5 3 35 12
6 2 4 12
8 3 5 11
2 3 16 10
7 3 23 11
8 2 5 97
7 3 15 98
8 3 19 96
1 3 25 96
2 3 30 100
5 3 34 95
5 4 37 95
8 3 37 95
1 2 5 74
6 3 6 74
4 4 6 75
7 3 8 74
5 3 8 76
7 3 21 75
4 3 22 78
7 3 22 72
6 3 35 70
3 2 5 74
7 4 26 73
8 3 35 76
8 2 5 62
4 4 17 62
5 3 21 61
2 2 5 63
6 2 5 55
6 3 26 56
7 3 27 56
1 3 28 55
7 3 30 58
8 2 5 44
2 4 23 43
7 4 27 43
1 3 9 44
3 5 27 42
6 4 10 43
3 3 12 45
5 3 12 45
8 4 22 43
2 4 32 47
7 3 13 46
3 3 20 44
1 3 20 44
7 3 31 40
3 3 35 45
3 5 45 43
8 4 44 42
3 3 47 45
5 2 5 43
5 3 21 41
5 3 41 43
6 4 41 43
6 3 44 45
1 2 5 42
4 2 5 40
3 4 34 40
2 3 34 39
1 3 36 38
8 3 36 38
6 2 5 41
8 5 24 40
5 3 6 41
7 3 16 42
2 3 18 40
7 3 18 40
4 4 25 38
6 3 18 39
5 3 19 42
8 4 26 42
3 3 30 43
4 3 29 42
4 4 36 44
7 3 35 46
1 2 5 40
8 3 6 41
3 3 14 40
4 3 13 38
4 2 5 40
6 2 5 28
4 3 6 26
6 2 5 20
1 3 17 21
5 2 5 19
2 3 8 19
5 3 13 17
6 3 13 17
7 3 19 18
3 3 30 18
2 3 36 16
1 2 5 17
5 3 9 17
2 5 28 18
1 3 9 18
4 3 28 16
6 2 4 17
5 4 26 17
8 3 21 16
7 3 24 17
7 2 3 16
4 3 4 16
1 3 29 14
4 3 29 14
6 3 28 13
5 3 40 13
5 2 3 17
1 2 3 16
4 2 3 16
3 2 5 15
3 3 15 16
4 4 15 16
6 3 17 14
2 3 27 12
6 2 5 15
1 3 15 14
2 3 15 16
8 3 16 14
3 2 6 84
5 3 25 82
8 2 5 83
1 3 18 83
3 2 6 80
7 2 6 71
5 3 9 71
8 3 13 70
1 3 23 70
8 3 24 71
3 3 30 73
4 3 30 75
2 2 6 69
6 3 26 68
5 2 6 69
4 5 18 68
2 3 9 69
3 3 25 70
1 3 25 72
8 3 29 67
4 2 6 66
7 3 27 67
8 2 6 66
1 2 6 66
7 3 7 64
1 3 17 66
6 3 16 66
3 4 19 66
4 3 16 66
7 3 16 65
5 3 21 66
3 3 22 67
7 2 6 56
7 3 17 54
8 3 17 55
8 4 20 54
4 2 6 55
3 2 6 49
3 3 7 48
2 2 6 47
4 3 22 45
1 3 31 43
4 2 6 45
2 4 30 44
7 3 5 45
2 4 16 44
3 3 12 45
2 3 16 45
4 3 23 45
8 2 5 45
2 3 23 45
6 3 22 44
5 3 21 42
4 2 4 45
4 3 20 45
3 2 6 36
2 3 13 35
2 3 27 36
8 2 6 28
8 3 13 29
8 3 20 30
7 2 6 16
4 2 6 13
2 2 5 13
3 3 5 14
1 3 23 12
5 2 4 14
1 3 17 12
8 3 19 13
8 3 20 12
3 3 20 14
3 3 22 12
5 3 21 11
6 3 25 9
1 3 35 14
1 2 4 15
3 3 4 14
4 2 5 15
3 3 13 14
5 3 15 15
2 3 19 12
1 3 19 12
1 3 22 11
6 2 6 12
3 3 23 13
5 2 6 13
8 3 6 11
1 4 6 10
4 2 7 99
6 3 29 98
1 2 7 97
8 3 27 97
4 2 7 97
1 4 12 97
8 3 11 96
2 3 48 99
6 2 6 97
7 3 10 96
3 3 17 98
6 3 18 98
4 3 45 99
7 2 7 95
4 3 9 96
5 4 10 95
4 3 16 98
4 3 16 94
8 3 19 94
2 4 19 94
7 3 36 93
3 2 7 94
3 3 16 95
2 3 21 95
2 2 7 94
2 2 7 79
7 3 20 80
8 3 27 81
3 3 27 83
8 3 33 79
8 2 7 78
3 2 6 77
7 3 10 78
4 3 10 78
5 3 10 77
6 3 10 79
1 3 19 75
5 3 19 76
2 3 36 80
7 3 36 80
5 3 34 80
2 2 7 71
3 2 7 71
8 2 7 71
1 3 7 71
6 3 7 71
1 3 30 72
4 2 7 70
3 2 7 67
5 3 7 66
6 3 9 67
3 2 7 66
2 4 24 65
2 2 7 65
7 2 7 62
1 4 10 61
7 4 20 61
2 4 28 62
6 3 9 61
5 3 9 60
3 6 17 61
2 5 10 61
1 3 16 58
6 3 16 59
6 4 20 58
2 4 27 57
4 3 18 63
2 3 19 64
7 3 24 56
8 2 7 62
1 2 7 60
8 2 7 60
4 3 6 59
3 2 6 59
8 3 16 58
6 2 6 58
5 3 35 57
3 3 35 57
8 2 6 58
1 3 25 57
8 3 26 59
5 2 7 60
6 3 6 59
2 2 7 55
4 3 10 55
4 2 7 55
6 3 10 55
4 2 7 49
7 4 18 47
7 3 10 47
2 3 14 49
1 3 20 48
8 3 22 46
4 2 7 30
5 2 7 31
6 3 16 31
4 4 31 31
3 3 24 32
1 3 35 34
2 2 6 31
4 3 13 30
6 3 20 29
2 3 20 30
3 3 19 29
1 3 26 31
6 3 27 32
5 2 7 31
3 2 6 31
4 3 11 30
1 3 14 31
3 3 15 30
6 3 30 32
6 2 7 26
3 4 10 26
4 4 23 25
8 3 10 22
8 3 12 26
2 3 15 25
7 2 7 20
8 2 7 21
4 4 14 21
3 2 6 20
7 2 7 13
6 2 7 13
6 3 13 13
2 3 13 12
8 3 12 11
7 3 15 14
5 2 7 10
3 4 7 9
3 3 11 11
4 3 11 13
1 2 7 12
2 2 7 10
7 2 7 8
3 2 7 8
6 3 17 8
4 3 18 10
8 2 6 7
6 3 8 7
7 3 10 6
7 3 16 7
4 4 20 5
1 3 18 6
4 2 6 6
1 3 8 4
8 3 15 6
3 2 6 7
6 2 8 90
2 3 24 91
6 3 34 89
4 2 8 79
8 3 9 79
7 3 10 81
6 3 31 79
3 3 31 80
3 3 39 80
3 2 8 67
4 3 23 67
1 3 23 68
8 2 8 68
4 4 15 68
2 3 11 67
5 2 7 68
7 2 8 69
6 3 18 69
5 3 20 71
7 2 8 67
1 2 8 67
6 2 8 63
5 3 9 62
7 3 9 62
8 3 18 63
6 2 8 62
4 3 15 61
4 2 7 62
8 2 8 49
3 3 9 48
5 5 9 49
1 3 8 50
8 3 11 49
5 3 15 47
4 2 6 50
2 2 6 51
7 2 6 51
3 2 7 51
7 2 7 51
3 2 6 50
3 2 8 51
4 2 8 49
3 2 8 49
1 3 9 48
2 2 8 46
8 2 8 34
2 3 8 35
5 2 8 34
2 2 8 26
3 2 8 10
4 2 8 6
7 3 17 6
5 2 8 3
3 3 33 3
7 3 36 2
8 3 36 3
2 2 8 4
8 2 9 90
3 3 9 90
2 3 9 91
7 3 8 89
4 4 39 91
6 3 16 88
8 3 22 92
5 2 8 91
5 3 20 92
2 3 27 94
4 3 32 93
6 3 36 93
2 2 9 81
3 3 13 81
6 4 13 81
3 3 21 81
4 3 21 82
6 3 22 81
1 2 8 81
3 3 15 82
4 3 21 80
2 3 32 84
5 2 8 80
3 2 8 80
6 2 7 80
7 3 8 79
1 4 9 81
5 2 8 79
8 3 18 78
8 3 21 80
3 3 24 78
2 2 8 80
2 4 17 80
7 2 8 79
6 3 22 79
1 2 9 79
4 2 9 78
1 5 15 77
8 3 13 76
3 3 13 76
2 4 24 74
1 3 18 78
6 3 24 74
5 3 24 75
3 3 24 75
2 2 9 64
1 3 9 64
3 2 9 65
5 3 9 64
6 2 9 64
2 2 9 64
8 5 9 63
5 2 8 64
4 2 9 63
1 2 8 63
4 2 9 52
8 2 9 52
7 3 9 52
1 2 8 52
5 2 8 52
6 4 13 52
2 3 13 53
8 2 8 53
6 2 9 28
8 2 9 27
1 2 9 27
7 2 8 27
8 3 17 25
7 2 9 14
5 3 10 15
2 3 8 14
1 3 8 14
4 2 9 15
6 2 8 15
4 2 7 15
6 3 14 14
3 2 10 99
1 2 10 90
3 2 10 91
8 3 17 90
6 3 17 91
1 3 16 92
3 3 34 92
4 2 10 92
8 3 29 93
5 4 28 90
2 4 29 91
5 2 10 91
6 3 11 92
3 3 35 90
4 2 10 87
8 2 10 82
2 2 9 82
1 2 10 77
2 2 9 77
5 2 10 65
3 2 10 66
1 2 10 61
1 2 10 58
2 2 10 51
6 2 10 52
7 2 10 41
2 3 10 42
1 4 18 42
8 3 17 42
6 2 10 42
4 3 25 42
2 3 24 42
6 2 10 39
4 2 10 23
2 3 13 23
1 3 14 23
5 3 18 22
7 3 18 21
6 2 10 24
8 2 10 13
4 2 10 10
5 3 15 9
4 2 10 7
4 2 11 86
6 4 16 86
7 2 11 86
5 2 11 47
8 2 11 42
1 2 11 35
3 2 11 32
7 2 11 19
2 3 15 19
8 3 15 19
4 2 11 7
1 2 12 92
6 4 28 91
3 3 30 93
1 3 30 93
7 3 37 94
8 3 41 95
6 2 12 92
7 3 11 92
4 3 10 91
2 3 29 92
2 2 10 90
8 3 10 90
7 4 22 89
3 3 11 91
5 4 14 90
5 3 21 92
3 2 12 78
2 3 15 78
6 2 12 66
1 2 12 39
2 2 12 29
7 3 12 27
1 3 12 28
7 3 20 27
5 3 20 28
8 2 12 18
5 3 12 17
3 2 11 18
6 2 12 19
2 2 12 20
1 3 12 19
4 2 12 17
2 2 11 16
8 2 11 16
8 2 12 14
5 2 12 10
3 3 16 9
1 2 12 6
5 2 11 6
1 2 13 98
5 3 14 98
7 3 20 98
3 3 26 99
3 3 36 99
6 2 13 94
6 4 15 95
7 2 13 93
2 2 13 94
6 3 20 94
3 3 21 94
3 2 13 93
7 2 13 89
4 3 28 87
2 3 28 88
8 3 27 88
6 2 13 78
5 3 15 77
3 2 13 60
4 2 13 55
3 2 13 54
3 2 13 48
6 3 14 46
3 3 14 47
2 3 14 47
4 2 12 47
3 2 13 42
5 2 13 29
7 2 13 9
2 2 13 10
5 2 13 5
5 2 13 3
2 2 14 100
1 3 28 98
8 2 14 83
3 2 14 78
7 2 14 61
7 2 14 59
3 2 14 48
1 2 14 40
6 2 14 39
2 2 14 40
6 2 14 33
7 3 16 31
4 2 14 31
5 2 14 24
7 4 14 24
2 2 13 25
6 3 13 24
5 2 12 24
4 2 12 25
2 2 13 26
1 3 13 26
3 2 13 27
3 2 14 18
4 2 13 18
8 2 13 18
6 3 13 18
2 2 14 8
1 2 14 7
7 2 13 6
7 2 14 4
2 3 39 2
3 2 14 3
5 2 15 95
1 2 14 95
7 3 15 96
8 3 25 97
2 2 15 84
8 2 15 69
5 2 15 65
1 2 15 60
5 2 15 58
6 3 17 57
4 2 15 59
3 2 15 43
1 2 15 4
5 3 16 4
3 3 15 3
2 4 25 1
7 2 15 2
6 3 27 2
2 2 15 2
7 3 22 1
8 2 16 91
8 2 16 82
7 3 16 83
1 3 16 81
6 2 16 81
1 2 16 81
3 2 16 82
7 2 16 77
8 3 21 75
5 2 16 77
8 2 16 71
2 3 20 71
8 4 19 71
3 3 19 73
4 2 16 57
6 3 19 58
7 2 16 44
2 2 16 45
1 2 15 45
7 2 16 40
4 2 16 36
8 2 15 35
8 2 16 32
4 2 16 23
6 2 16 2
3 3 17 3
8 2 16 3
3 2 17 96
7 2 17 93
5 2 16 93
5 3 19 93
1 2 15 93
1 2 16 92
4 3 18 93
1 3 18 93
3 2 17 91
4 3 17 90
8 3 20 90
2 2 17 59
5 3 17 58
3 2 17 58
7 3 17 57
1 3 19 57
1 2 17 57
7 2 18 95
3 2 18 89
1 3 18 89
1 3 25 88
4 2 17 90
7 2 17 91
6 2 16 91
6 2 18 88
8 3 25 88
4 2 18 74
1 2 18 72
3 2 18 46
4 2 18 33
5 2 18 1
3 2 19 70
4 2 19 60
7 2 18 60
1 2 19 44
1 2 19 41
5 2 19 42
7 3 19 43
2 2 19 36
4 3 22 34
5 3 32 37
5 2 19 36
7 2 19 33
6 2 19 22
5 2 20 98
7 3 24 98
1 2 19 98
4 2 20 80
8 2 20 39
7 2 20 38
5 2 20 39
5 2 20 36
3 2 20 32
2 2 20 8
3 2 21 100
4 2 21 97
7 2 21 80
5 2 21 73
2 2 21 73
5 2 21 70
4 2 21 56
2 2 21 56
5 2 21 38
6 4 22 38
2 2 21 35
2 2 21 2
2 3 25 2
4 3 26 3
4 2 21 2
6 2 22 76
4 2 22 71
6 2 22 71
7 2 22 38
1 2 22 37
1 2 22 34
6 2 22 34
4 2 21 33
3 2 21 32
8 2 22 34
7 2 22 32
1 2 22 22
1 2 23 100
6 3 31 99
8 2 23 33
6 2 23 33
2 2 23 13
1 2 23 9
2 2 24 92
3 2 24 88
4 2 24 57
6 2 24 57
8 2 24 57
4 2 24 46
6 2 24 3
5 2 24 1
2 2 25 92
2 2 25 89
6 2 25 74
8 2 25 3
1 2 24 3
7 2 26 99
8 2 26 100
7 2 26 90
1 2 28 4
7 2 29 99
6 2 30 73
1 2 31 100
4 2 31 37
3 2 30 37
1 2 31 1
8 2 32 37
7 2 39 100
3 2 40 57
8 2 44 100
6 2 44 57
1 2 44 1