15691
2408
5 13 15 62
2 8 83 61
5 8 98 38
5 7 4 17
7 7 30 31
8 7 37 92
8 7 44 93
7 7 88 41
6 6 3 16
7 6 9 51
8 6 22 73
3 6 25 25
4 6 29 21
1 6 35 79
7 6 44 20
4 6 46 57
1 6 59 25
2 6 75 24
2 6 79 70
3 6 87 6
1 6 89 64
2 6 95 88
2 5 4 46
7 5 3 45
8 6 59 45
8 5 4 18
8 6 89 17
3 5 5 68
1 5 12 24
3 5 22 22
5 5 24 5
7 5 25 62
7 5 25 52
1 5 29 12
4 5 28 8
5 6 75 6
4 5 39 68
6 5 39 11
5 5 45 35
8 5 48 31
6 5 50 48
3 5 51 89
2 6 72 87
8 5 54 68
3 5 54 52
5 5 67 12
7 5 68 72
2 5 68 66
8 5 69 27
8 5 71 36
3 5 74 13
7 5 72 14
6 5 76 99
3 5 81 94
8 5 81 95
2 5 84 48
6 5 87 48
7 5 89 28
1 5 90 28
1 5 91 32
7 5 93 92
8 5 97 78
8 4 3 8
3 4 4 56
5 4 5 85
3 7 49 86
1 4 5 2
6 7 16 3
2 6 24 1
5 5 57 4
1 6 66 6
3 4 6 87
6 5 27 88
3 4 7 86
5 7 86 84
4 5 75 83
3 5 74 84
8 5 75 86
4 4 7 79
4 4 7 20
3 7 67 19
1 6 70 20
5 5 70 22
1 4 9 88
2 6 51 89
4 5 27 86
3 6 52 86
8 4 8 89
5 4 10 14
3 4 9 15
7 7 29 13
5 7 70 15
4 5 36 18
5 6 55 15
5 6 66 18
4 5 65 19
2 5 83 15
2 4 11 49
7 4 10 50
5 5 28 49
8 5 53 47
4 4 9 50
1 7 50 50
6 5 37 48
3 4 12 42
4 5 77 42
5 4 13 53
7 4 11 54
4 6 66 52
7 5 39 52
6 4 13 50
8 4 14 82
8 5 76 82
5 4 14 38
2 5 91 37
8 4 15 93
7 5 41 92
7 5 66 94
3 5 65 90
3 7 87 96
8 4 15 33
8 5 42 33
1 5 48 33
1 4 16 68
7 5 81 66
3 4 15 69
1 6 55 69
2 5 48 67
2 7 70 69
8 5 55 67
6 5 61 68
6 6 68 64
7 4 16 37
5 5 39 35
2 5 55 39
8 4 16 10
5 5 41 11
1 5 60 11
4 4 17 100
8 6 26 97
1 4 17 94
6 5 83 97
5 4 17 75
1 6 16 73
1 6 90 75
1 5 19 74
3 5 35 74
1 4 17 31
4 4 17 11
3 5 26 11
1 6 28 10
6 4 18 79
5 4 18 33
5 4 20 46
1 4 20 16
5 4 19 15
2 4 22 85
7 5 73 84
2 4 23 82
8 4 23 67
2 6 80 68
3 4 23 55
8 6 82 54
5 4 23 33
3 5 24 35
3 5 84 33
6 4 25 78
3 4 26 66
5 4 26 46
4 4 26 10
4 6 52 9
1 5 62 9
1 4 27 54
8 4 25 53
3 4 27 52
2 4 28 32
7 5 85 30
1 4 26 32
6 6 69 34
7 4 28 7
4 5 47 6
8 4 30 11
2 5 30 12
5 4 32 74
4 4 32 20
4 5 60 17
5 4 35 94
3 4 37 37
3 5 77 38
6 4 37 39
8 4 37 11
7 6 54 13
7 4 38 46
4 6 65 47
1 5 39 46
5 5 64 46
7 4 39 6
4 5 79 6
2 4 41 2
4 4 42 47
1 4 43 53
1 4 43 12
5 5 74 12
2 4 45 82
4 4 45 2
3 4 46 66
6 4 49 87
4 4 48 88
4 4 49 26
2 6 56 25
6 5 59 27
4 5 72 26
8 4 50 42
7 4 51 73
4 4 53 12
2 4 55 94
2 5 61 94
1 5 66 93
7 4 57 95
4 6 77 93
4 4 59 79
4 5 74 81
6 4 59 59
7 5 58 60
2 4 59 55
8 4 59 3
3 5 59 1
4 5 60 5
6 4 60 85
7 4 60 31
6 5 75 26
2 4 63 84
8 4 63 70
6 4 63 5
5 4 67 67
4 4 66 68
1 4 67 25
6 4 68 26
4 4 68 14
5 4 67 15
4 4 69 45
7 4 70 74
1 5 70 75
6 5 73 73
3 4 70 4
3 4 73 81
4 4 74 96
7 4 74 94
5 4 76 88
1 4 75 87
4 4 76 48
1 4 76 35
2 4 79 80
8 4 78 77
3 4 80 47
1 4 81 39
4 4 80 39
5 4 81 21
8 4 81 7
6 4 84 92
8 4 85 1
4 4 86 40
5 4 93 77
3 3 2 75
3 4 45 73
2 4 48 74
5 4 63 72
4 3 2 70
5 4 27 68
2 5 27 69
7 4 73 69
8 3 2 60
1 4 5 59
6 6 73 60
4 5 75 62
1 4 10 57
5 4 62 61
8 6 66 63
8 6 84 59
4 5 82 64
4 3 2 50
1 5 11 49
6 4 9 49
4 4 9 50
2 5 10 52
8 5 30 47
3 6 69 49
8 4 70 49
6 3 2 51
2 4 5 48
3 4 39 47
1 3 2 30
1 4 34 29
5 4 79 31
4 4 79 27
1 3 2 19
1 5 56 18
1 6 68 18
8 5 78 22
3 6 80 25
7 4 69 17
1 4 82 23
8 3 2 12
7 4 35 12
6 4 53 12
8 5 53 12
1 4 69 9
7 3 3 92
6 4 20 92
8 5 79 91
3 4 56 91
4 3 3 45
1 4 46 45
2 4 59 42
7 6 66 42
4 4 63 43
7 3 3 43
6 5 63 44
4 4 55 43
5 4 70 43
7 3 3 33
4 5 7 32
4 5 58 30
5 4 7 34
8 5 36 35
5 5 53 35
3 5 61 33
2 5 62 34
3 4 13 35
2 4 14 35
6 5 15 32
4 4 42 35
8 5 42 37
6 4 57 30
7 3 4 68
1 4 3 66
6 6 21 68
2 4 6 69
7 5 42 69
3 4 19 69
6 5 30 68
4 4 20 66
6 5 48 64
2 4 37 71
4 3 3 67
5 4 16 67
8 6 25 66
5 5 25 67
6 5 30 63
2 4 24 66
1 4 51 61
8 4 56 65
1 4 58 66
5 3 4 42
7 4 50 41
5 4 82 40
8 3 4 43
7 3 4 43
6 5 33 42
5 5 32 42
5 4 41 42
7 3 4 20
4 4 42 20
3 4 69 20
6 4 68 19
7 3 5 88
8 4 20 89
2 4 32 90
6 4 43 88
8 5 48 87
5 6 54 87
7 4 42 86
2 4 51 85
1 3 5 78
3 4 15 78
7 4 16 76
2 4 85 76
4 3 4 78
6 4 5 77
8 4 6 74
5 6 65 76
3 6 78 79
3 4 51 72
4 4 75 73
7 3 5 18
1 4 12 19
6 5 63 19
3 4 22 20
3 4 28 19
6 3 6 74
6 4 15 74
2 4 32 75
6 4 37 78
3 5 48 77
3 4 58 76
7 4 60 78
1 5 70 77
1 4 65 78
1 4 66 81
4 3 6 60
5 4 18 62
3 4 39 60
8 3 6 25
7 5 69 25
6 4 14 26
5 4 44 25
5 5 72 27
4 3 6 12
2 5 58 12
8 6 57 7
6 4 6 12
3 4 42 12
4 4 62 14
6 5 67 14
8 4 62 13
2 4 61 15
1 4 67 16
7 3 5 10
2 4 10 8
2 3 6 12
7 3 6 12
3 4 20 12
2 4 41 13
1 3 6 3
8 5 25 3
5 4 77 5
6 4 80 4
6 3 7 36
1 3 7 23
4 5 45 22
1 4 17 21
1 4 24 24
8 4 31 21
2 5 42 21
2 4 35 23
6 5 41 23
8 4 49 24
4 4 62 20
5 3 7 12
2 3 7 8
7 6 22 6
8 5 22 8
8 4 26 9
8 4 69 7
5 3 9 90
6 4 39 90
8 4 62 92
1 3 8 89
1 4 11 89
1 5 59 89
6 4 46 88
2 5 59 89
7 4 47 87
1 7 47 89
5 6 53 89
4 4 68 92
8 3 9 87
3 3 9 6
4 4 59 6
1 4 58 7
4 3 8 6
3 4 23 5
7 4 24 8
4 4 36 4
7 3 10 66
5 4 28 66
5 4 41 66
3 4 40 67
8 4 45 65
2 4 49 63
5 4 48 63
7 4 51 63
1 3 10 65
8 4 27 65
1 4 32 64
5 4 41 64
4 3 10 52
5 5 42 53
1 3 10 54
3 3 10 52
6 4 39 52
2 4 43 54
2 3 10 48
4 4 29 45
6 3 10 22
8 4 11 21
3 5 59 19
4 4 16 22
6 4 25 21
3 5 45 22
8 4 54 20
2 4 58 20
5 4 66 18
2 5 70 17
3 3 10 23
2 4 14 22
5 6 58 23
8 5 15 22
5 4 17 24
7 5 17 24
8 4 48 21
7 7 54 17
8 5 56 15
6 4 47 18
6 5 52 18
7 3 9 23
3 3 11 54
7 6 64 54
3 4 19 55
8 5 62 56
6 4 20 56
8 5 47 56
7 4 40 54
7 3 10 54
7 4 18 55
5 4 18 57
2 4 34 57
6 4 39 58
2 4 40 52
7 4 80 58
2 3 11 54
5 3 11 52
4 4 67 51
8 3 11 44
8 4 27 45
4 4 66 45
8 4 67 42
1 4 71 39
5 3 12 73
6 5 56 73
7 4 26 73
3 4 30 74
5 3 12 69
3 4 43 69
5 4 62 69
1 3 12 1
2 5 56 1
2 4 57 1
6 4 61 1
6 3 13 59
1 5 24 59
8 4 24 62
8 4 33 62
7 4 33 58
3 4 39 61
6 4 69 61
5 3 13 52
8 6 16 51
5 5 18 51
1 4 45 52
6 3 13 11
2 4 13 12
6 5 31 9
1 4 31 11
3 4 55 13
2 3 14 98
3 4 23 98
2 4 52 97
1 4 66 99
5 4 65 98
5 4 86 97
2 3 14 53
8 3 14 24
3 4 30 23
3 4 46 23
7 4 46 26
1 3 15 87
8 4 39 85
6 3 14 88
4 4 43 85
8 3 15 86
4 4 58 85
8 4 57 81
7 4 78 85
1 3 15 80
5 5 57 79
1 4 23 79
8 3 14 79
1 4 38 77
6 4 43 79
6 5 57 77
8 5 60 78
6 3 15 66
7 3 14 66
8 3 14 68
2 4 26 70
6 6 39 71
8 4 58 70
2 3 15 14
2 5 32 12
6 4 19 11
4 5 52 9
3 4 46 9
1 4 45 8
7 3 16 82
4 4 32 81
2 4 32 82
5 4 64 82
3 3 14 82
6 4 36 81
6 4 71 83
3 3 16 80
7 4 61 79
4 4 74 81
2 3 16 74
2 4 21 74
6 4 33 75
1 3 15 75
4 4 37 75
2 5 47 76
8 4 52 78
8 4 71 71
1 3 16 70
1 5 60 69
3 4 18 69
3 4 20 66
7 5 33 68
8 4 29 69
5 4 29 69
5 4 45 72
8 4 53 71
3 3 16 71
4 4 54 72
8 3 15 72
7 3 16 70
6 4 41 68
1 3 16 66
3 4 31 64
4 4 69 62
5 3 16 29
6 4 22 27
4 4 46 30
3 5 56 29
3 4 49 31
1 4 66 28
2 3 17 99
3 4 25 99
6 4 43 97
7 3 17 92
5 4 44 92
8 4 57 94
2 4 65 93
3 4 67 92
1 4 67 91
3 3 17 89
3 3 17 85
6 3 17 67
7 4 23 65
2 5 28 67
6 3 17 60
1 4 56 62
2 3 18 64
2 4 37 63
7 3 17 64
2 6 19 65
6 4 19 65
6 4 23 66
6 3 18 19
8 3 18 16
1 3 18 16
4 4 38 16
6 3 19 82
5 3 19 70
3 3 18 69
4 3 19 68
4 4 30 65
8 3 19 57
8 3 19 34
3 3 19 34
5 4 20 35
3 4 33 38
7 4 62 33
3 3 19 22
2 4 42 20
4 3 19 16
2 4 29 17
7 4 43 14
3 3 19 7
5 3 20 90
1 4 41 90
8 4 52 88
4 3 20 73
2 4 48 72
6 3 20 8
7 3 21 98
8 5 41 98
6 4 28 98
2 5 71 98
7 3 21 59
6 3 21 47
4 3 21 44
1 5 21 46
7 4 67 45
5 3 21 13
1 5 29 13
3 3 21 8
6 4 28 7
5 3 22 81
7 3 22 4
4 3 23 89
1 3 23 89
5 3 23 54
2 3 25 92
5 4 56 93
2 3 25 28
8 4 45 30
2 7 46 29
5 4 45 31
1 3 26 73
7 5 39 72
8 4 39 75
3 4 47 74
3 3 26 45
8 4 32 42
6 5 61 42
5 3 26 45
5 4 39 45
3 3 26 26
6 5 42 26
3 4 43 28
8 3 26 21
6 4 31 18
7 3 27 92
3 4 43 90
1 4 47 93
1 4 62 96
2 4 76 98
4 3 26 90
5 3 27 85
6 4 35 84
7 4 69 83
6 3 26 86
3 3 27 80
7 4 44 80
7 3 27 76
4 3 27 50
8 5 32 50
5 4 59 50
5 3 27 9
5 3 28 74
4 4 29 74
3 3 28 52
2 3 29 60
4 3 29 62
3 4 35 60
5 4 57 60
4 3 29 32
3 3 29 13
3 3 29 9
3 3 30 47
5 3 30 45
1 5 64 44
6 3 29 44
3 4 33 46
4 3 29 43
7 5 45 41
4 4 34 42
2 4 57 39
6 3 30 39
8 4 29 40
1 6 33 40
8 4 44 34
2 4 68 40
8 4 68 38
8 3 29 38
1 3 31 84
7 3 31 61
1 4 47 58
7 4 52 61
3 3 31 20
2 4 50 18
6 3 33 92
7 3 33 83
1 3 32 82
8 3 33 60
6 3 33 40
2 4 39 40
2 3 33 24
1 4 44 23
1 3 32 22
8 5 32 21
5 3 31 22
7 4 32 21
1 3 30 20
6 3 31 22
6 5 39 24
5 3 33 5
7 3 32 6
4 3 31 6
6 4 37 7
2 3 31 7
4 3 34 92
7 5 55 90
5 3 34 58
6 4 46 55
3 3 34 44
3 4 38 43
1 3 34 44
4 4 44 42
3 3 34 22
7 3 34 21
4 4 44 23
6 3 35 73
7 4 41 73
6 3 35 59
2 5 47 59
1 4 54 60
1 3 35 59
2 3 35 58
8 6 45 57
5 4 42 58
7 3 35 43
5 5 38 42
5 3 36 99
4 3 36 95
1 3 36 94
1 4 40 93
4 4 51 92
3 3 36 93
8 4 66 94
7 3 36 38
6 3 37 18
3 4 45 18
7 3 37 8
5 4 49 8
4 3 38 71
3 3 37 72
1 3 38 68
2 3 37 68
8 3 38 11
6 3 39 92
8 3 38 90
6 3 39 74
7 3 39 59
2 4 51 58
4 3 39 59
4 4 45 59
3 3 39 35
4 3 40 90
5 3 41 52
7 3 41 2
6 3 40 3
7 5 45 3
8 4 44 6
7 3 40 4
5 3 42 80
4 3 42 80
6 3 42 31
1 3 42 32
4 3 43 86
7 3 43 50
8 3 43 1
2 3 44 63
7 3 44 58
1 3 44 55
2 4 45 57
6 3 44 24
8 4 51 24
2 3 45 85
6 3 45 71
7 3 45 53
3 4 46 53
8 3 45 5
6 3 46 49
3 3 47 93
7 3 47 91
8 3 47 75
7 3 47 38
6 3 46 38
6 4 67 36
7 3 47 19
8 3 48 9
7 3 47 8
7 3 49 16
6 3 50 44
4 3 50 15
8 3 49 15
5 3 49 15
2 3 50 1
2 3 51 98
1 3 51 75
2 3 51 40
1 3 51 25
6 3 52 86
8 3 52 37
4 4 74 38
1 3 51 35
3 3 52 33
5 3 53 86
7 3 53 47
6 3 55 76
1 3 55 39
5 3 57 97
4 3 58 30
3 3 59 16
3 3 60 41
7 3 60 40
5 3 61 96
3 3 61 29
6 3 62 17
7 3 63 97
4 3 63 33
6 3 63 28
3 3 63 2
3 3 65 28
6 3 68 36
3 3 70 83
5 3 70 81
2 3 70 5
3 3 76 3
6 2 1 99
6 3 34 97
2 2 1 95
2 5 29 94
5 4 4 94
4 3 4 96
7 4 6 95
6 3 7 94
7 3 20 93
8 3 23 96
4 3 24 95
5 3 24 93
8 3 33 98
3 4 41 99
2 4 46 98
8 3 33 93
2 3 38 99
1 3 38 99
7 3 43 92
4 3 46 100
6 4 55 97
3 3 46 95
6 3 46 91
1 3 47 98
7 3 49 96
1 3 53 95
7 3 54 98
2 3 55 90
4 2 1 91
2 3 4 92
4 3 3 92
6 3 6 90
4 3 6 89
3 4 17 88
7 3 7 88
4 3 8 86
6 3 9 93
3 4 19 93
1 3 25 90
5 3 29 89
7 3 29 90
6 6 31 90
2 4 33 91
4 3 40 96
8 3 43 88
2 3 50 84
4 3 57 85
2 2 1 77
7 3 5 75
3 4 30 77
6 3 8 75
1 3 10 75
1 3 12 78
3 3 12 78
2 4 32 76
3 4 32 79
3 3 17 78
7 3 16 77
5 3 15 75
8 3 14 74
5 3 23 78
7 3 26 77
5 3 31 76
8 5 31 74
4 4 46 78
4 3 36 75
5 3 36 74
6 3 37 74
3 3 37 74
2 3 48 79
4 4 60 80
5 3 59 80
7 3 60 83
5 2 1 77
1 4 27 77
8 3 23 78
7 3 43 78
2 3 56 80
2 2 1 60
2 3 12 59
6 3 21 59
1 3 52 59
6 2 1 54
5 4 14 54
3 3 41 52
8 4 41 53
4 3 48 50
2 3 48 52
6 4 55 48
1 3 48 52
3 3 50 49
2 3 57 46
7 2 1 48
3 2 1 47
1 4 43 46
4 3 9 47
2 4 24 47
6 4 30 46
7 4 30 48
3 5 31 51
8 4 47 51
1 3 29 48
2 3 30 48
2 3 35 50
3 3 37 45
1 3 37 43
2 3 38 46
5 3 41 52
6 3 41 52
8 3 47 45
2 6 47 44
6 2 1 46
1 4 12 44
7 4 23 45
7 3 19 42
8 3 23 47
1 5 41 48
8 3 34 47
3 4 48 48
7 3 34 47
6 3 33 47
2 3 34 46
4 4 35 47
3 4 40 46
8 3 36 46
8 3 41 40
7 3 43 43
1 3 48 50
4 3 54 39
4 3 57 42
2 2 1 41
7 3 8 42
8 3 17 40
1 3 22 43
1 3 38 42
3 2 1 42
6 3 2 43
2 4 2 40
6 3 3 42
5 4 12 41
7 4 12 42
8 4 34 45
1 4 55 40
6 3 13 43
8 3 14 44
8 3 17 43
1 4 31 45
1 3 17 40
1 4 24 40
8 4 43 39
5 4 43 40
2 3 18 40
6 4 17 40
3 3 30 42
1 3 32 47
8 3 34 44
1 3 34 40
2 4 39 40
1 3 34 38
8 5 33 37
2 3 32 37
1 3 41 38
2 3 42 37
2 3 45 38
6 4 48 38
5 3 45 36
2 4 52 36
4 3 45 38
2 2 1 35
3 3 9 35
6 3 27 33
4 4 29 35
2 4 31 31
6 4 31 33
7 3 35 35
4 3 40 36
7 3 46 34
1 3 48 30
5 3 58 31
2 3 58 32
8 3 57 32
3 2 1 33
7 3 31 34
1 4 33 34
5 5 33 36
1 3 30 34
2 3 31 36
5 3 41 36
7 3 51 32
8 3 51 32
6 2 1 30
6 3 22 31
1 3 22 29
4 3 30 33
3 3 41 34
6 3 50 27
5 3 71 28
6 2 2 96
1 3 3 97
7 3 16 96
8 3 37 97
2 3 48 95
3 2 2 96
3 4 47 95
7 2 2 83
8 3 16 83
6 4 22 82
5 3 39 84
8 3 59 85
2 2 2 76
7 3 11 74
5 4 18 73
1 3 11 73
4 4 30 72
2 4 30 72
2 3 31 75
5 2 2 75
1 3 13 76
7 4 26 77
4 4 27 78
5 3 23 77
1 3 25 73
3 3 25 75
1 5 27 75
4 3 24 75
7 3 27 79
4 3 27 76
5 3 27 73
6 3 30 79
2 3 34 80
8 3 38 80
1 3 38 80
3 3 38 72
7 2 2 75
5 3 16 75
3 3 22 73
2 3 23 72
3 2 2 69
4 4 8 69
5 3 5 69
8 3 14 68
7 3 19 68
1 3 27 67
5 3 28 69
6 4 34 69
4 3 30 68
7 3 43 71
2 2 1 69
5 3 1 68
7 3 5 70
2 3 10 72
6 3 15 72
8 3 20 69
3 4 32 68
3 3 21 70
8 4 28 68
2 3 31 69
1 3 31 70
3 2 2 69
7 3 12 67
2 4 12 68
6 2 2 69
8 2 2 65
7 4 27 64
3 3 2 66
8 4 8 66
1 3 10 67
7 3 16 65
4 4 35 64
8 3 21 66
2 4 25 64
3 4 60 62
5 3 24 63
1 3 27 66
1 3 36 63
3 3 37 62
3 4 42 61
4 3 41 63
7 3 43 62
3 4 49 62
8 3 50 62
3 3 59 63
2 2 2 67
3 3 12 65
1 2 2 66
5 3 2 65
1 3 13 64
6 3 24 64
6 3 32 63
1 3 31 63
3 3 41 63
2 4 43 61
5 3 47 64
7 4 46 63
7 2 1 64
4 2 2 60
8 4 7 58
5 3 2 60
8 3 42 60
1 2 1 60
1 3 20 60
6 3 22 61
7 2 2 60
6 2 2 61
8 4 25 60
4 3 29 62
6 5 37 60
8 3 37 63
8 2 2 57
6 3 11 56
6 3 14 56
1 3 14 56
8 4 48 53
7 3 39 56
2 3 47 54
4 3 47 54
2 2 1 57
3 4 22 57
4 3 8 58
6 4 47 56
2 3 9 60
5 3 9 61
6 4 22 59
6 3 9 61
5 3 11 59
6 3 15 56
3 6 14 55
1 3 18 56
3 3 20 60
1 4 26 59
8 3 27 56
7 3 30 57
3 3 33 55
2 3 41 54
3 5 41 55
8 3 45 56
3 3 59 57
4 2 1 57
7 3 25 55
4 3 36 55
3 2 2 58
8 3 7 57
8 3 26 58
5 4 40 57
6 3 26 57
1 3 25 56
8 3 30 57
3 4 30 58
4 2 2 53
7 4 13 54
4 5 11 53
1 3 3 53
7 3 19 53
6 3 27 54
5 3 30 52
3 4 41 52
1 3 33 52
7 3 39 54
5 4 40 52
6 3 38 54
2 2 2 54
8 3 8 53
7 3 36 54
7 3 38 56
3 2 2 53
2 2 2 52
4 3 28 53
8 3 36 50
8 2 2 46
2 3 3 45
4 3 2 43
5 3 14 42
3 3 14 43
6 3 20 46
1 3 20 47
8 3 25 45
5 5 26 46
7 3 25 45
5 3 33 46
3 2 2 45
3 3 6 45
7 4 13 46
1 3 11 44
4 3 27 43
1 2 1 44
5 3 5 44
2 3 5 45
2 3 9 44
2 3 13 47
4 3 17 48
3 4 20 46
3 3 22 43
7 2 1 44
8 3 9 44
4 3 16 43
5 2 1 43
5 3 10 44
2 3 12 43
1 3 16 42
5 3 20 43
2 2 2 37
8 4 31 37
6 4 30 37
7 3 3 37
8 4 3 37
4 4 5 38
6 4 5 37
1 3 5 38
1 3 10 39
3 3 11 39
7 3 16 41
8 3 16 42
8 3 43 40
5 3 42 41
5 3 47 36
7 2 2 36
2 3 2 35
7 4 11 35
2 3 17 36
1 3 18 35
7 3 29 34
5 4 40 32
4 3 32 33
8 3 34 37
7 3 37 33
4 2 2 33
5 3 1 32
7 3 15 31
6 3 29 29
1 3 31 32
8 3 62 28
7 3 62 27
8 2 1 31
6 3 3 30
1 3 42 32
3 3 50 30
3 3 51 29
6 2 2 34
7 3 16 33
4 3 30 31
6 3 30 33
2 3 36 32
1 3 37 31
8 3 37 30
1 3 51 30
8 2 2 30
5 3 2 31
3 3 2 31
8 4 3 31
1 3 6 33
8 3 6 31
4 4 16 31
5 4 24 28
2 3 11 31
3 3 11 29
8 4 51 29
1 3 18 32
8 4 18 33
8 3 18 28
3 3 39 28
2 2 2 21
4 3 29 20
5 3 37 20
1 2 2 22
6 4 12 22
7 4 20 22
5 4 23 24
5 3 7 22
6 4 21 23
4 3 24 23
7 4 32 23
6 3 28 25
3 3 28 27
4 3 28 25
3 3 45 25
5 2 2 20
3 3 15 18
3 4 18 16
1 3 35 20
5 2 2 10
3 3 2 10
1 3 5 11
8 3 5 11
7 3 9 12
1 3 11 13
8 3 17 11
5 3 32 9
2 3 34 8
1 4 49 7
8 3 35 9
7 2 1 10
1 4 12 9
7 3 12 11
4 4 14 10
6 3 13 9
2 3 21 8
1 3 25 7
2 3 28 5
7 3 46 6
4 3 46 8
5 3 46 8
2 2 2 11
3 3 7 10
8 3 10 8
2 3 11 9
3 3 31 6
4 3 31 7
2 3 46 6
4 2 2 10
7 3 10 10
3 3 26 9
6 3 45 7
7 2 2 10
7 4 22 8
5 3 6 9
2 3 9 10
3 4 22 10
6 3 28 11
8 3 31 9
3 3 39 7
1 2 3 90
2 3 7 90
8 4 17 89
7 3 15 89
5 2 2 90
7 4 8 91
3 3 27 90
5 3 32 90
2 3 32 90
6 3 31 90
4 3 33 92
2 2 2 89
2 3 15 87
4 3 15 87
5 3 26 87
3 3 28 87
4 3 32 86
4 2 3 91
2 3 18 89
4 3 20 91
8 3 39 93
3 2 3 88
7 3 22 86
2 3 35 85
1 2 3 88
6 5 3 87
1 3 21 85
7 3 48 83
1 2 3 86
7 4 16 86
5 3 3 87
3 4 34 85
2 3 16 84
3 4 48 84
1 3 17 89
2 3 17 88
2 3 20 83
4 3 21 84
5 3 25 89
1 3 25 91
2 3 26 91
5 3 26 84
3 3 25 85
6 3 24 83
4 2 2 86
6 3 6 86
5 3 8 86
4 4 14 86
3 3 11 85
5 3 15 83
6 4 35 81
8 3 18 83
8 3 19 88
6 3 20 85
1 3 20 85
7 3 20 86
5 3 21 87
3 2 3 88
6 3 17 88
3 3 21 87
6 3 21 88
4 3 21 88
1 2 2 87
6 3 11 87
2 2 3 83
2 3 5 83
3 3 33 83
4 3 33 81
6 2 3 75
8 3 6 74
4 3 9 76
4 3 19 77
3 3 19 77
8 4 20 77
1 3 22 77
5 2 3 75
8 2 2 75
8 3 10 76
4 3 13 77
7 3 17 77
4 2 2 75
6 3 11 75
2 3 12 76
3 3 15 78
5 4 20 77
8 3 19 78
2 2 3 75
1 3 11 76
6 3 11 76
5 3 10 75
7 3 13 75
5 2 3 69
3 3 18 67
7 4 20 66
4 5 21 69
1 3 20 70
7 3 19 71
5 2 3 65
3 3 3 64
8 3 10 62
7 3 10 62
5 3 23 61
1 2 3 66
4 2 3 66
6 4 6 65
4 3 10 67
5 3 10 67
1 2 3 64
2 3 4 63
6 2 2 64
5 3 17 64
7 2 2 64
8 3 17 62
3 2 3 62
3 4 24 61
3 3 6 61
7 2 3 56
5 3 2 55
3 3 14 55
4 3 14 56
2 4 30 55
7 3 17 57
5 4 27 55
5 3 25 54
8 3 26 55
6 3 27 57
2 2 1 56
1 3 13 55
6 4 18 54
3 3 18 54
2 2 2 56
5 3 11 56
1 2 2 57
8 3 21 56
8 2 3 42
5 2 2 41
2 3 4 40
6 3 13 42
4 3 17 39
7 3 18 38
8 3 24 40
5 3 24 40
1 3 34 37
4 3 34 37
3 2 2 40
2 3 18 39
3 3 27 39
5 3 27 40
8 2 3 42
6 2 2 42
3 3 5 43
6 3 5 43
4 4 5 42
3 3 4 43
2 4 9 41
1 3 5 41
1 3 8 45
3 2 3 38
6 2 3 39
8 3 16 40
7 2 3 35
5 4 20 36
8 2 2 35
6 4 17 33
3 3 18 34
5 2 3 26
2 4 47 24
5 3 35 25
2 3 36 27
1 3 35 26
6 3 35 26
8 5 42 26
3 2 2 25
6 3 49 26
4 2 2 25
6 3 6 24
6 3 17 25
2 3 32 24
5 4 33 25
8 3 32 23
7 3 33 26
4 4 45 27
5 3 35 26
8 3 35 28
2 5 44 26
7 3 43 29
4 3 48 29
2 3 48 29
3 3 52 28
2 3 51 28
5 2 3 21
2 3 5 22
1 2 3 20
4 3 21 19
2 3 23 18
4 2 3 15
5 3 33 15
5 5 39 14
8 4 32 14
1 6 44 15
1 5 36 15
6 4 41 15
8 4 43 16
2 3 46 17
1 2 2 14
4 3 3 13
4 3 20 14
4 3 22 15
2 3 22 16
1 3 29 13
2 3 32 13
6 2 2 13
2 3 17 11
8 2 2 14
1 3 3 13
1 3 10 14
4 3 10 14
8 4 12 14
7 5 11 16
6 4 21 14
4 3 11 18
6 3 12 14
6 3 18 11
3 3 19 17
1 3 20 20
4 3 20 13
3 3 20 15
3 2 1 14
6 3 7 15
3 4 41 16
2 3 11 13
7 3 30 17
2 3 29 16
2 3 32 17
3 2 2 15
4 3 29 16
3 3 29 17
4 3 44 17
5 2 3 12
4 2 2 12
2 2 1 12
6 2 1 13
3 3 4 12
7 3 4 13
5 3 3 12
6 3 4 12
6 3 25 9
7 3 29 10
2 2 2 14
7 2 3 10
5 3 16 9
4 3 19 9
7 3 30 7
3 3 33 5
4 3 33 6
8 3 38 6
6 3 39 5
2 3 39 5
4 3 40 4
3 3 56 3
7 3 55 4
6 3 74 2
6 2 2 9
8 3 5 8
4 4 4 6
4 3 16 5
2 4 17 4
1 3 16 6
3 4 39 3
4 4 66 1
1 3 17 4
1 5 47 2
5 4 16 3
5 3 26 2
1 2 2 10
3 3 8 11
1 3 8 11
8 2 3 11
3 2 3 7
5 3 3 8
5 5 15 7
1 3 15 9
4 3 15 7
1 4 31 6
1 3 22 5
2 4 30 7
7 2 4 98
5 4 25 99
4 3 3 97
4 4 34 98
5 4 34 99
6 3 2 97
3 3 21 98
5 3 30 95
6 3 35 100
8 2 2 98
2 4 16 98
5 3 9 97
7 4 8 95
2 3 13 94
1 3 37 93
8 2 4 95
1 3 13 95
1 3 20 94
6 3 34 93
5 4 34 93
4 3 34 95
2 3 34 94
6 2 4 96
5 3 42 96
2 2 4 96
3 3 10 94
4 3 13 92
8 2 3 96
3 3 4 94
6 3 8 96
2 3 26 95
7 2 3 95
4 5 9 93
3 3 7 96
3 3 8 96
6 3 17 95
7 4 18 97
6 4 17 97
6 4 26 96
4 3 20 98
3 3 20 96
1 3 45 99
4 2 3 96
5 3 10 94
8 3 10 95
5 3 14 96
3 3 24 94
4 2 4 94
7 4 24 92
5 3 7 93
2 2 4 93
2 3 9 92
5 3 9 92
8 2 4 80
6 3 14 78
7 3 14 80
4 3 14 76
2 2 4 75
3 3 5 76
5 3 8 76
1 2 4 77
5 2 4 76
8 2 4 72
5 3 18 70
8 2 4 62
2 3 33 63
7 2 4 62
6 3 3 61
1 3 3 60
1 4 16 60
8 3 3 59
6 3 23 62
4 3 33 57
2 2 4 52
5 3 5 50
8 2 4 52
6 3 4 51
7 3 42 49
5 3 42 50
3 2 4 23
4 3 6 21
8 3 6 21
5 3 6 23
7 3 7 25
1 4 8 27
3 4 31 25
2 3 21 23
1 3 36 26
6 2 4 18
2 2 4 16
1 3 44 17
4 2 4 11
2 3 3 10
7 3 7 11
4 3 10 10
3 2 4 11
5 3 10 12
2 3 14 13
7 3 16 14
5 2 4 12
4 2 4 11
6 2 4 11
3 2 4 5
8 4 16 6
8 3 24 6
3 3 26 6
3 3 37 3
5 3 38 2
3 3 45 2
8 2 4 6
2 3 21 5
4 4 20 5
4 3 37 4
8 3 42 4
4 3 41 2
4 3 42 1
8 3 61 1
4 2 5 72
3 2 5 73
8 3 18 72
2 2 5 63
2 3 12 62
8 3 29 63
4 2 4 63
6 2 4 62
7 3 16 63
8 2 5 42
2 2 5 41
8 2 5 39
4 2 4 38
3 2 4 39
3 3 12 39
4 2 5 24
1 3 6 25
4 3 8 23
8 3 22 24
1 4 27 25
6 3 25 23
7 3 25 24
7 3 28 26
6 4 27 25
2 2 5 18
8 3 29 18
2 3 34 17
5 2 5 8
7 2 4 7
7 3 14 6
3 2 4 8
7 3 24 7
8 2 4 9
6 3 11 7
4 2 4 8
5 3 18 6
3 2 4 8
6 3 7 9
5 3 10 8
2 2 4 8
1 2 4 7
2 2 5 2
4 3 7 3
7 3 14 1
2 3 27 3
6 3 27 2
8 3 34 3
2 3 37 3
4 3 43 2
3 2 5 3
8 3 20 4
6 3 38 1
7 2 6 100
2 3 11 100
1 2 6 100
7 3 12 98
3 2 6 94
5 2 6 90
7 2 6 69
8 2 6 68
3 3 6 67
1 2 6 54
6 2 5 53
8 3 10 54
4 3 23 53
4 2 6 50
1 3 24 49
7 2 6 45
5 3 6 45
4 3 20 46
6 3 23 46
5 2 6 27
3 3 7 26
1 4 12 28
6 3 15 29
3 2 6 15
7 3 10 14
2 2 5 14
8 2 6 13
1 3 7 11
2 2 6 3
3 4 39 2
6 3 19 4
4 3 24 2
1 2 5 3
3 3 6 2
2 3 9 3
1 3 9 4
3 3 8 4
3 4 11 2
7 3 8 3
1 4 16 4
7 4 27 2
2 3 13 5
4 3 12 5
7 3 16 2
8 4 16 1
5 3 17 3
1 4 25 2
1 2 7 67
8 2 7 68
4 4 9 68
5 2 6 68
8 3 11 69
2 2 6 69
7 2 7 65
1 3 9 66
5 3 9 65
4 2 7 64
2 3 8 64
7 2 7 64
1 2 7 55
4 2 7 48
5 3 8 48
6 3 8 48
8 4 9 49
1 3 26 49
6 2 6 48
1 4 8 49
6 4 18 48
5 4 18 50
7 3 17 48
2 3 20 50
4 3 25 50
4 2 5 48
5 3 4 47
3 3 11 48
2 3 10 48
7 3 15 46
7 2 3 48
6 3 15 47
5 2 2 48
3 3 6 46
4 2 2 48
6 2 2 47
8 3 4 46
4 2 4 46
2 3 12 46
7 2 7 46
8 2 7 47
1 3 9 46
3 2 6 46
2 2 6 47
3 2 6 48
6 3 11 49
8 3 14 50
2 3 35 51
6 2 7 45
2 3 7 44
3 3 7 43
8 2 7 34
7 3 7 34
5 3 24 34
2 2 7 31
8 3 21 32
2 3 20 32
6 3 21 34
7 2 6 31
2 3 26 30
7 3 26 29
5 2 7 23
3 4 22 23
1 3 20 24
4 4 22 25
5 3 20 24
5 3 22 26
6 2 7 24
3 3 9 22
6 3 12 25
2 2 7 24
1 2 7 24
8 4 17 25
7 3 15 25
3 4 16 25
7 3 17 22
5 3 18 22
3 2 7 15
6 3 7 15
1 2 7 7
8 2 7 7
4 2 8 94
8 3 8 93
8 4 24 93
2 3 10 95
8 3 13 95
2 2 7 94
7 3 13 95
5 3 19 93
7 2 8 93
3 4 9 91
6 4 21 92
2 3 8 92
2 3 18 93
5 3 17 94
1 4 18 95
1 2 8 77
4 2 8 78
7 3 8 78
8 3 8 77
3 3 19 79
2 3 19 81
7 3 31 81
5 2 8 79
1 3 46 80
8 3 46 82
4 3 46 83
8 2 8 80
7 2 7 80
8 3 21 80
2 3 30 81
1 4 30 81
7 3 31 80
7 3 32 82
3 3 32 82
2 2 8 68
6 2 8 67
2 2 8 57
6 3 15 58
3 2 8 54
2 3 23 53
4 2 8 55
5 2 8 56
2 3 8 55
6 2 8 54
2 3 10 53
3 2 8 40
7 3 8 39
2 2 8 39
4 2 8 39
7 2 7 38
6 3 7 37
5 3 9 35
7 4 14 33
7 3 19 39
1 3 20 34
4 4 20 33
7 3 19 34
6 3 21 36
1 2 6 37
6 3 13 37
8 2 7 37
1 3 14 37
4 4 14 37
5 3 17 38
7 2 7 38
6 2 7 37
1 3 15 35
7 3 15 34
2 3 15 36
1 2 7 38
3 3 7 37
7 4 11 35
8 4 12 37
6 3 14 38
5 3 14 35
1 3 20 40
3 3 19 41
6 3 20 32
6 2 8 39
7 3 13 39
4 3 17 40
5 2 8 40
1 2 8 30
8 3 10 28
6 3 10 29
6 3 13 27
4 3 13 28
1 3 23 28
3 3 26 28
5 3 25 27
4 2 8 29
4 3 25 29
5 3 37 28
7 3 37 30
7 2 8 29
1 3 26 27
8 3 26 26
2 2 8 26
5 3 9 27
5 4 27 27
3 2 8 26
7 2 8 21
7 3 24 19
3 2 8 9
4 3 19 9
4 2 8 3
2 3 15 3
8 2 7 2
5 3 8 2
4 3 9 1
7 3 9 1
3 3 9 1
3 2 9 88
4 3 9 88
1 2 9 88
7 3 10 88
5 2 9 85
5 3 16 85
4 3 15 85
5 3 37 82
6 2 9 84
1 2 8 84
8 4 11 84
7 2 9 84
6 3 9 84
1 2 9 85
1 4 11 85
6 2 9 57
7 3 22 58
1 2 9 58
5 3 20 59
6 5 20 57
5 2 9 46
3 2 8 46
5 2 9 37
1 2 9 32
8 3 10 33
2 3 11 33
5 2 9 32
4 2 9 28
4 2 9 25
7 2 9 21
8 3 15 20
2 3 15 20
1 3 14 19
5 3 16 20
8 3 16 19
5 2 9 8
6 3 11 6
3 3 11 5
5 3 11 5
6 2 9 9
1 3 9 8
1 2 10 99
3 2 10 95
4 2 10 93
5 2 10 87
7 2 10 86
2 3 10 84
7 3 13 82
6 3 13 81
6 3 20 81
2 3 27 86
4 2 10 84
5 2 10 80
2 3 12 78
1 3 14 81
6 2 10 80
2 2 10 74
3 2 10 74
1 2 10 74
6 2 10 55
5 2 10 54
8 2 10 51
4 3 10 50
6 2 10 42
4 2 9 42
4 2 11 98
7 2 11 97
8 2 11 95
2 2 11 94
6 2 10 93
3 2 10 93
3 2 11 90
3 2 11 86
1 3 15 85
4 2 10 86
7 3 13 86
8 3 12 85
8 2 9 86
1 3 12 85
5 3 13 85
5 3 15 86
5 2 11 86
8 2 11 78
7 3 11 77
3 2 11 70
5 3 26 70
8 2 11 60
4 2 11 56
8 3 20 57
4 3 22 57
5 2 11 57
1 2 11 57
3 2 11 55
6 2 11 51
8 2 11 30
3 3 17 31
4 2 11 26
1 2 11 23
4 3 15 22
3 2 11 18
8 3 11 19
7 3 16 19
3 3 21 18
1 3 24 16
1 2 11 3
1 2 12 99
2 2 12 100
6 2 12 100
4 2 12 100
3 3 34 100
5 3 37 99
6 2 12 87
7 2 11 87
3 2 12 88
1 2 12 88
8 2 12 82
3 2 11 82
5 2 12 81
4 2 12 80
1 2 12 70
2 2 12 64
3 2 12 65
6 2 11 64
7 2 12 61
4 3 19 59
4 2 12 59
4 2 12 56
5 2 12 32
1 2 12 27
4 2 12 23
4 2 13 100
5 3 12 99
3 4 26 97
5 2 13 99
4 2 13 79
6 2 13 76
2 2 13 74
8 2 12 74
1 2 13 35
5 2 13 20
4 2 13 20
8 2 13 18
7 3 24 17
8 3 24 17
4 2 12 17
7 2 13 9
7 2 13 3
3 2 13 4
8 2 13 4
5 3 17 4
1 2 13 1
8 2 13 1
6 2 13 1
7 2 14 83
2 2 14 41
6 2 14 42
7 2 13 42
2 2 14 23
5 2 14 13
5 2 15 91
3 2 15 60
4 2 15 60
7 2 15 61
1 2 15 61
5 2 15 46
3 2 15 41
4 2 14 41
3 2 13 41
4 2 15 30
2 2 15 30
6 3 20 29
2 2 15 28
1 2 15 22
2 2 15 21
3 2 14 21
4 2 15 20
8 2 16 98
5 2 16 99
3 2 16 95
4 2 16 95
1 2 16 90
4 3 18 91
7 2 16 90
4 2 16 70
5 2 16 61
6 2 16 54
2 2 16 21
1 2 16 19
5 3 16 17
8 2 15 19
7 2 17 98
8 3 25 98
4 2 17 98
7 2 17 81
5 2 17 81
4 3 25 80
5 3 25 80
5 3 27 82
1 2 17 80
1 2 17 55
8 2 16 55
5 2 17 27
6 3 25 28
1 3 25 28
5 2 18 92
5 2 18 81
1 3 27 82
7 3 32 81
4 3 32 81
8 2 18 80
4 2 17 79
6 2 17 79
6 2 18 79
4 2 18 79
4 2 18 26
3 2 19 91
2 2 19 81
8 3 26 81
3 3 26 81
7 2 19 71
8 3 23 71
2 2 19 64
1 2 18 64
8 3 17 63
5 2 17 64
2 2 19 57
6 2 19 57
3 2 20 59
7 2 19 58
5 2 19 59
1 2 19 58
2 2 18 58
5 2 20 33
3 2 20 2
2 2 21 80
3 2 21 81
4 2 21 81
1 2 21 72
3 2 21 59
1 2 21 49
6 2 21 14
3 2 20 14
2 2 23 70
6 2 23 51
7 3 29 51
4 3 30 52
8 2 23 49
4 2 23 50
7 2 23 49
2 2 23 30
8 2 23 28
3 2 24 28
4 2 24 28
5 2 24 1
6 2 25 37
6 2 25 5
7 2 26 83
1 2 25 83
7 2 26 16
8 2 27 17
7 2 27 1
8 2 27 1
2 3 27 1
5 3 27 1
8 2 26 1
1 2 26 1
1 2 28 52
4 2 29 100
2 2 29 82
4 2 29 72
8 2 29 73
1 2 29 72
6 2 28 72
8 2 29 51
5 2 30 84
2 2 30 19
3 3 29 18
3 2 31 73
7 2 30 73
4 3 36 71
6 2 42 1
3 2 47 1
1 2 47 1