15934
2409
3 9 42 6
4 9 56 71
6 8 21 18
8 8 53 84
2 7 32 82
3 7 53 65
1 7 54 9
6 7 56 34
2 6 9 86
6 6 11 38
2 6 18 19
3 6 19 56
2 8 93 55
7 6 26 64
2 6 27 13
3 6 33 13
8 6 45 44
7 6 46 13
4 9 90 9
4 6 53 95
7 6 53 60
2 6 53 53
7 6 56 91
4 6 65 78
1 6 69 99
8 6 76 39
7 6 91 75
3 6 91 23
8 6 94 46
8 6 95 97
2 5 5 42
6 6 40 43
5 5 4 45
7 6 4 43
2 6 12 43
7 6 62 43
1 5 8 22
7 5 11 68
4 5 20 84
2 5 20 3
8 8 81 2
2 5 22 65
2 6 43 65
1 5 24 37
4 5 24 32
4 6 85 31
4 5 24 17
1 6 65 19
6 5 27 58
3 5 31 76
7 5 33 75
5 10 53 71
1 6 46 72
5 6 58 68
1 5 38 43
3 6 51 44
8 5 39 64
4 5 42 8
3 5 47 11
5 5 53 11
7 5 58 66
7 5 61 62
6 5 62 79
3 5 62 46
6 5 63 19
6 5 65 83
6 5 66 28
5 5 67 29
3 5 76 81
2 5 77 47
4 5 87 67
5 5 90 3
5 6 94 3
5 5 92 47
5 5 93 88
8 4 3 75
5 5 15 74
3 6 46 77
6 6 68 74
2 5 17 77
3 5 29 79
8 5 31 73
6 5 42 75
2 5 82 70
4 5 89 83
3 4 3 40
8 5 26 42
2 4 5 7
4 4 6 11
3 6 12 12
2 6 67 11
1 5 5 10
7 5 11 11
7 5 14 10
5 5 30 9
1 5 73 10
8 4 7 15
2 5 29 15
6 4 9 27
1 4 13 69
5 4 15 23
7 6 51 22
4 4 16 50
3 5 52 51
8 4 16 11
7 5 61 9
6 4 16 9
6 5 24 11
7 5 65 8
3 4 16 10
6 5 62 12
7 4 19 63
7 5 22 67
3 4 19 48
6 6 80 48
5 5 76 47
3 4 19 44
5 4 20 66
8 4 20 31
3 6 26 29
3 6 46 30
3 6 57 30
8 6 84 28
8 5 40 32
2 7 40 34
4 8 38 35
6 5 39 34
7 4 20 31
5 4 21 22
4 5 63 22
5 4 22 59
8 5 25 58
4 4 23 55
4 4 24 59
4 5 54 59
3 5 74 58
8 4 24 49
2 5 83 48
4 4 24 37
7 5 24 37
1 5 28 33
7 5 54 39
5 4 25 64
6 4 25 31
1 4 25 8
3 4 26 23
2 5 61 23
6 4 29 50
1 4 30 89
7 5 32 90
8 5 48 89
2 5 72 85
2 4 29 91
5 5 58 93
2 5 86 93
8 5 88 88
8 4 30 79
5 4 30 73
2 5 67 72
2 4 30 30
3 7 33 31
8 5 49 29
6 4 32 98
6 5 69 98
4 5 70 97
3 4 32 75
7 6 50 76
5 5 90 77
2 4 34 43
8 5 35 41
8 5 53 38
8 5 78 36
5 4 34 16
4 4 37 46
5 4 38 77
7 4 38 64
3 6 66 64
5 5 79 61
7 5 82 63
2 4 39 74
3 5 66 75
3 4 39 72
5 5 64 70
6 5 80 71
7 4 40 40
4 5 60 43
8 4 43 67
7 6 85 65
4 5 57 67
3 4 44 99
2 4 44 35
4 4 44 12
6 4 45 47
6 4 46 16
6 4 47 98
5 4 48 94
5 4 48 86
1 4 49 97
3 5 82 94
4 4 49 41
2 4 49 30
5 4 50 36
1 4 52 84
2 4 52 31
3 4 53 15
1 4 54 13
8 4 54 11
2 4 54 13
6 4 55 89
2 4 55 56
7 4 56 91
7 5 76 91
2 5 74 91
6 4 57 2
4 5 84 3
4 5 93 4
4 4 60 62
7 5 64 63
5 5 65 67
6 4 61 69
1 4 61 23
4 4 64 85
1 4 65 8
8 4 65 8
8 4 67 56
3 4 67 48
4 4 65 47
4 4 68 45
6 4 69 53
8 4 69 51
1 4 69 16
2 4 70 54
3 4 70 52
6 4 70 41
2 4 70 39
3 4 75 38
7 4 75 19
7 4 76 48
1 4 77 46
6 4 78 62
4 4 79 91
1 4 80 24
4 4 81 65
3 4 82 16
8 4 83 70
3 4 83 21
6 4 84 54
8 4 85 36
7 4 88 96
4 4 89 96
7 4 89 77
3 3 2 85
5 4 48 84
3 5 61 85
2 5 61 83
8 5 63 82
5 4 72 86
3 4 78 86
7 3 2 67
6 4 27 66
6 5 48 66
2 5 50 69
4 4 36 67
1 4 51 70
6 4 60 64
6 3 2 67
6 4 8 65
2 5 60 62
8 4 22 68
2 4 25 65
3 3 2 43
8 4 47 44
8 4 62 45
4 3 2 44
7 6 60 42
1 4 15 45
2 4 15 44
1 5 56 46
7 4 16 48
1 4 15 44
3 5 31 46
5 5 32 47
3 6 62 46
7 4 15 45
6 7 15 46
1 4 30 48
8 5 40 46
5 4 40 46
1 4 41 46
8 3 2 38
8 4 39 37
7 6 55 38
5 5 55 40
8 4 40 34
1 4 59 35
2 4 75 39
4 3 2 36
6 4 71 36
1 3 2 5
2 4 65 5
6 3 2 2
3 4 9 2
3 5 63 3
2 4 8 1
2 6 35 1
1 4 83 4
5 3 3 13
3 4 43 14
6 3 4 82
8 6 33 82
2 4 12 84
8 4 44 81
3 5 67 80
3 4 44 82
8 4 54 79
8 4 66 79
7 4 83 78
8 4 84 81
5 3 4 57
1 4 13 57
5 4 17 56
2 5 44 55
7 4 19 58
6 4 54 56
3 4 64 53
4 4 74 59
7 4 81 56
1 4 81 56
7 3 3 57
6 4 4 56
1 4 50 55
2 4 73 57
8 4 78 55
5 5 78 54
6 4 77 54
2 3 3 58
8 5 72 57
7 4 56 56
8 3 4 46
5 4 15 48
8 4 14 49
7 4 17 47
5 5 48 51
2 4 26 48
3 4 28 47
8 5 34 44
5 4 36 49
1 4 65 50
8 4 64 52
5 4 73 51
6 4 72 51
8 4 75 53
5 3 4 4
3 4 14 3
5 4 36 5
7 3 5 93
7 5 82 95
8 3 5 50
2 4 21 51
8 5 54 50
7 5 75 50
2 4 68 49
2 3 5 38
2 5 18 37
1 5 37 40
1 5 74 39
6 3 5 12
4 4 49 12
4 4 64 14
6 4 68 16
2 3 6 55
8 4 5 54
7 4 16 53
5 4 15 53
1 4 58 52
4 3 7 56
4 5 62 54
3 4 16 55
5 5 54 55
2 4 32 53
4 4 37 52
3 3 7 46
1 4 10 47
3 4 31 48
7 5 30 46
2 5 29 46
6 4 36 45
7 5 45 43
4 4 54 48
1 3 7 28
6 4 18 27
6 4 84 25
3 3 7 28
2 3 7 19
2 6 54 19
7 4 20 17
7 4 38 16
4 4 43 16
7 4 54 17
3 5 61 17
1 5 62 20
7 5 60 20
1 4 67 16
4 3 6 19
2 5 12 22
1 6 73 22
5 3 7 13
2 4 41 12
1 4 54 13
7 4 58 14
5 4 74 14
8 3 8 95
7 4 17 94
1 4 48 95
1 3 8 96
7 4 17 98
5 5 48 98
2 4 17 98
5 3 8 73
7 5 63 73
7 4 9 72
6 6 9 69
3 7 45 71
6 6 66 72
8 4 34 72
4 4 36 72
2 4 47 74
8 4 61 71
4 4 66 69
5 4 66 67
3 3 8 36
5 5 72 36
8 4 70 37
7 5 70 37
4 3 8 30
4 4 18 31
3 5 48 31
3 4 40 31
5 5 46 31
7 4 48 29
8 4 47 30
7 3 8 9
8 4 62 10
4 3 9 70
3 4 20 70
8 5 48 71
5 4 43 71
5 4 49 68
6 4 57 69
1 5 62 68
5 4 65 72
8 4 65 67
8 3 9 23
4 5 20 23
5 6 25 23
7 5 28 22
6 6 33 24
6 4 21 23
5 5 87 25
1 4 28 22
3 4 40 25
7 4 51 24
8 4 55 23
4 5 69 21
1 4 69 23
1 4 84 26
3 3 9 22
3 4 28 23
2 4 31 23
8 4 44 24
6 4 62 21
4 4 82 26
3 4 85 27
3 3 10 88
7 5 34 87
3 4 16 88
6 5 25 88
1 5 42 86
2 4 63 88
3 4 65 91
2 4 79 87
8 3 10 61
1 4 42 61
7 4 65 58
6 4 64 59
4 4 65 60
1 4 67 59
1 3 10 62
6 3 10 60
2 4 23 58
4 3 10 48
1 3 10 42
5 4 59 42
3 3 10 28
5 5 47 26
7 3 11 98
5 4 31 99
8 4 30 95
1 4 30 98
7 4 45 98
4 3 11 43
5 4 63 42
7 3 11 31
8 4 24 30
6 3 11 26
1 4 18 24
2 4 36 24
2 4 73 26
5 3 11 27
7 4 21 24
3 4 76 27
5 3 11 13
8 5 65 12
6 4 59 11
1 3 12 60
8 6 23 58
5 4 34 61
3 3 12 8
7 4 27 7
7 4 43 10
3 5 61 7
6 5 80 4
4 3 13 65
6 4 48 66
1 4 56 62
7 3 13 18
4 3 14 50
7 4 43 50
8 4 62 50
2 3 14 35
3 4 21 33
4 4 38 34
8 4 69 34
4 3 14 28
8 4 32 26
8 3 15 93
3 4 31 91
7 5 36 90
6 5 51 94
7 4 73 88
6 3 15 90
1 5 35 91
8 4 22 90
2 4 44 89
8 4 51 90
4 4 59 91
5 3 15 44
4 4 15 46
1 4 44 45
1 3 16 65
4 4 40 64
5 3 16 45
5 3 16 31
2 4 51 32
5 4 56 32
8 3 16 31
8 3 17 26
6 4 41 26
7 4 40 26
7 3 17 24
1 4 30 24
1 4 42 21
5 4 45 22
1 3 17 7
5 4 58 7
7 5 59 8
7 3 18 89
2 4 18 89
3 3 17 90
3 4 68 91
1 5 72 92
5 4 72 94
4 3 18 81
3 3 18 60
6 4 21 61
8 3 17 61
6 4 42 63
2 3 18 55
8 5 55 55
3 4 41 55
2 4 60 55
7 3 18 52
7 4 54 50
6 3 18 38
2 5 68 36
1 3 18 29
5 3 18 8
2 3 17 8
8 4 27 6
4 4 26 6
2 5 36 7
7 5 36 6
2 3 19 93
5 4 35 93
7 3 19 89
5 3 19 85
5 4 54 86
6 3 19 59
8 4 21 59
3 5 45 60
1 3 18 60
5 4 44 58
6 3 19 5
7 5 63 7
3 3 20 81
2 5 42 78
6 5 75 79
7 4 33 78
5 6 41 78
2 4 45 78
8 3 20 64
6 3 19 65
8 4 57 66
8 3 20 55
3 4 28 52
8 4 33 53
3 4 32 52
2 5 48 53
4 5 56 53
6 4 38 56
5 4 37 56
8 5 35 56
3 5 51 54
4 4 35 57
1 4 38 51
4 4 50 55
6 4 55 54
1 3 22 57
6 4 49 57
7 3 21 57
2 3 21 57
4 3 20 58
1 4 47 56
1 3 22 51
5 4 30 52
8 4 38 50
2 4 41 50
5 3 23 31
6 4 30 32
4 4 32 32
7 4 33 33
8 6 31 32
6 4 47 31
7 3 23 27
1 4 42 25
2 4 47 24
4 3 23 7
8 3 24 93
3 4 32 93
1 4 38 95
8 3 24 90
1 4 67 90
6 3 23 89
4 4 27 88
4 4 54 88
4 3 24 42
2 3 24 36
7 4 43 38
7 4 61 39
5 3 24 31
7 3 23 32
6 4 36 31
6 3 24 6
4 3 25 67
4 4 54 68
7 3 25 65
1 3 26 86
3 4 43 85
1 3 26 4
4 3 27 98
6 4 37 97
5 3 27 89
2 5 26 88
3 3 24 89
2 4 44 86
2 3 28 54
1 5 40 53
2 3 28 10
8 3 29 88
8 4 37 86
4 6 37 88
7 4 37 90
6 3 29 88
7 4 53 89
3 3 29 87
5 4 29 87
5 4 35 89
5 4 56 90
8 3 28 87
2 4 28 86
5 4 31 82
6 5 31 81
3 4 48 84
7 5 54 81
2 3 30 97
1 6 45 96
1 3 30 98
3 4 41 98
6 3 31 64
6 4 52 65
1 3 31 60
1 4 52 60
4 4 56 59
4 3 31 52
5 3 31 13
8 4 33 12
2 3 32 94
6 6 65 92
2 4 48 94
8 4 52 96
4 3 31 94
2 3 32 51
6 3 32 52
3 3 32 14
8 4 52 14
2 5 59 13
4 3 31 13
8 5 36 12
6 4 49 15
2 3 32 9
4 3 32 10
6 3 33 96
8 4 32 95
6 4 65 96
5 3 31 97
2 4 50 97
6 3 33 69
4 4 65 68
6 3 33 66
8 3 33 54
6 4 41 54
1 4 41 54
4 3 34 81
4 3 34 59
6 3 34 41
6 4 48 39
8 3 35 91
1 3 35 15
3 4 50 18
2 4 58 20
8 4 57 17
6 3 35 16
4 4 44 13
7 3 35 12
3 5 37 12
5 4 41 12
2 3 35 14
8 3 35 6
4 4 71 4
5 3 36 74
4 5 66 78
4 3 36 33
3 4 50 35
5 3 36 16
4 3 36 9
5 4 62 8
5 3 37 11
2 3 38 97
5 3 38 88
8 3 38 90
3 3 38 82
3 4 44 81
8 4 52 79
1 3 38 32
3 3 38 18
7 4 64 17
6 3 39 71
2 5 57 69
5 4 61 69
7 4 61 71
1 3 39 64
8 3 39 62
6 3 39 46
4 3 39 48
8 3 39 46
2 3 40 100
2 3 40 74
1 4 39 74
7 4 39 75
8 4 40 73
2 4 43 74
2 4 58 71
2 4 65 77
3 3 40 63
8 3 39 63
4 3 40 26
3 3 40 25
3 4 48 25
5 3 40 20
5 6 56 18
5 5 52 19
2 4 53 21
5 4 63 19
5 3 40 4
5 3 41 75
1 3 41 49
7 3 41 17
6 4 39 16
1 3 39 18
7 5 53 17
3 5 57 17
6 5 56 16
3 3 42 96
7 3 42 86
4 4 46 85
8 4 48 84
1 3 42 83
8 3 42 70
8 3 42 58
3 3 42 58
8 3 42 21
1 4 49 22
2 3 41 22
3 3 43 92
3 3 43 76
6 3 43 71
3 3 43 42
4 3 42 43
6 3 44 97
5 3 44 38
5 3 44 15
5 3 44 16
3 3 45 95
3 3 45 39
6 3 45 32
5 3 45 20
8 3 46 94
8 3 46 75
6 3 46 40
1 3 46 8
3 3 46 6
5 3 48 81
5 3 48 71
6 3 47 72
8 3 48 62
6 3 48 37
5 4 48 35
5 3 48 23
6 3 48 15
5 5 48 15
2 3 49 42
6 4 67 40
2 3 49 35
7 3 50 65
5 3 50 38
3 4 54 40
6 3 50 26
5 4 59 27
4 3 50 28
2 3 51 79
7 3 51 62
8 4 63 62
3 3 50 60
5 3 51 45
6 3 51 16
1 3 50 16
4 3 51 3
2 4 57 2
5 3 52 94
3 3 52 95
2 3 52 34
2 3 52 17
8 4 52 18
4 4 58 18
6 3 53 91
8 3 54 73
4 3 54 73
1 3 54 73
8 3 54 41
4 4 56 41
7 3 54 25
5 3 54 6
6 3 54 6
3 4 67 4
3 3 55 97
5 3 55 58
1 3 56 62
7 3 56 43
6 3 56 20
4 3 56 15
7 3 57 84
4 3 57 1
8 3 58 37
6 3 58 8
5 3 58 5
7 3 59 64
7 3 59 58
3 3 59 33
6 3 59 20
2 3 60 58
7 3 61 94
3 3 62 93
8 3 62 83
7 3 62 70
4 3 64 1
3 3 65 82
8 3 66 79
2 3 67 79
1 3 66 78
3 3 67 21
3 3 68 4
7 3 67 4
2 3 73 1
1 3 73 1
6 3 76 76
1 2 1 96
5 3 23 97
7 4 39 97
7 3 26 95
5 3 26 94
1 3 34 98
6 3 37 95
3 3 35 95
6 4 42 95
5 4 41 93
4 4 46 95
1 3 38 97
5 3 38 97
1 3 41 94
1 3 44 97
8 3 61 100
7 3 66 99
5 2 1 81
2 4 46 81
4 3 11 82
3 3 11 81
8 3 21 82
5 4 21 80
8 4 31 82
3 4 46 84
2 4 61 83
2 3 21 78
3 4 54 80
7 3 21 78
4 5 38 76
6 4 55 79
4 4 55 80
6 3 22 79
1 3 46 77
7 4 46 78
4 5 46 77
6 3 44 78
7 3 43 78
5 3 43 75
3 3 46 77
5 3 51 81
2 3 52 81
8 3 56 76
3 3 64 76
4 2 1 80
3 3 3 80
4 4 16 79
1 3 25 80
3 3 26 81
4 3 26 83
1 4 31 83
6 3 27 80
2 3 34 84
7 4 33 82
3 4 59 84
5 3 37 81
7 3 46 84
4 3 48 84
6 3 48 84
5 4 51 83
8 3 51 84
4 2 1 75
8 4 37 74
7 3 3 73
1 5 34 71
4 3 15 75
7 3 29 74
8 3 31 77
6 3 32 75
1 3 34 76
3 3 38 74
5 3 39 73
4 3 38 73
1 3 39 71
7 4 43 71
4 3 40 72
2 3 45 70
7 3 49 73
3 3 48 72
7 3 49 68
5 4 55 69
3 3 53 66
1 2 1 76
6 3 12 74
1 4 44 76
7 3 12 76
8 4 18 77
1 3 27 79
2 3 27 74
4 3 31 72
6 3 31 73
1 3 33 81
8 3 35 78
2 3 41 75
5 3 41 75
6 3 45 77
2 2 1 73
1 4 6 71
2 3 22 74
5 4 45 75
6 3 30 76
1 3 31 75
1 3 35 77
3 3 41 76
1 3 41 75
2 4 43 75
3 2 1 74
6 4 4 72
2 3 7 74
3 6 12 73
6 3 7 72
4 4 11 74
4 4 21 75
8 3 11 75
1 3 12 71
4 3 15 72
2 2 1 74
8 3 7 75
7 4 11 75
4 3 10 74
7 4 12 74
8 4 18 72
2 3 14 76
3 3 14 77
8 3 23 75
7 3 23 76
2 3 23 76
3 3 22 77
7 3 20 75
8 3 32 71
2 2 1 69
7 4 4 69
6 3 10 72
3 3 15 72
7 3 15 72
3 3 13 72
8 3 13 71
5 3 12 70
1 4 32 68
4 4 34 70
7 4 33 71
6 4 41 67
1 3 17 70
6 3 16 70
2 3 17 71
5 4 29 71
4 3 41 68
6 3 42 70
8 3 48 67
4 3 48 67
6 2 1 62
7 4 2 60
5 3 9 62
2 3 13 59
7 4 18 58
5 3 13 58
4 3 12 58
4 3 14 59
3 4 47 57
2 3 14 59
4 3 21 57
3 4 33 57
4 3 32 54
7 3 35 55
2 4 36 56
5 3 35 54
3 4 41 52
2 3 39 59
7 3 39 58
6 4 44 59
8 3 39 54
5 3 41 63
5 3 41 52
1 3 43 51
6 5 44 51
1 3 44 57
4 3 49 61
2 4 55 63
4 2 1 59
8 4 1 58
2 3 6 60
7 4 6 61
5 3 9 62
6 3 20 63
5 4 45 63
6 3 21 57
5 3 32 64
3 3 34 64
2 3 37 62
8 3 44 61
3 2 1 61
4 4 21 59
8 3 19 62
7 3 33 62
2 3 36 62
6 3 36 64
2 4 50 64
3 3 35 64
4 3 36 65
2 3 35 64
1 5 35 63
5 3 39 59
8 3 39 57
2 3 51 61
1 2 1 62
1 3 8 60
2 4 26 59
6 4 26 59
3 3 14 62
2 5 16 62
6 4 19 60
1 4 26 58
8 3 30 63
3 3 43 62
3 2 1 63
6 4 5 61
4 3 5 62
1 4 33 61
3 3 14 64
6 4 32 63
8 3 14 66
6 4 14 66
2 3 15 65
7 4 36 66
4 3 14 65
2 4 26 66
5 4 26 67
1 3 34 66
4 2 1 41
1 5 48 39
4 4 49 43
7 3 17 41
6 4 55 40
3 3 21 41
6 4 48 42
8 3 24 40
5 5 58 40
8 4 46 38
5 3 28 39
2 3 28 40
7 3 29 39
4 4 42 39
4 4 52 39
6 3 36 39
7 3 36 40
5 4 36 39
2 4 36 40
1 4 45 41
1 3 42 37
2 3 43 37
3 3 44 38
4 3 43 37
3 3 48 41
3 2 1 34
8 3 19 35
1 3 27 33
4 3 40 36
6 3 54 34
2 3 69 35
3 3 68 36
7 2 1 18
5 4 8 16
6 3 9 18
8 5 37 17
7 3 25 14
3 3 29 17
4 4 32 16
4 4 49 19
6 3 35 12
1 4 36 14
4 4 36 13
2 4 37 16
8 4 37 18
7 3 35 16
2 3 35 15
4 3 34 16
2 3 37 10
4 3 41 19
2 3 41 18
4 4 41 17
8 3 39 16
7 4 40 16
6 3 45 19
7 3 46 21
3 3 48 22
4 2 1 14
6 3 20 12
4 4 20 13
7 3 20 10
7 3 61 10
8 2 1 11
6 3 5 10
4 3 17 9
7 3 39 12
5 3 45 9
2 2 1 9
8 3 8 9
5 4 7 7
5 3 20 9
8 3 29 8
7 4 32 9
6 3 32 6
3 3 43 10
8 3 52 7
2 3 53 5
3 3 52 6
7 3 66 5
5 2 2 91
6 3 27 89
5 4 41 90
4 4 48 87
6 4 48 89
7 3 28 87
1 4 39 85
1 3 28 89
6 3 32 91
2 3 34 92
7 3 35 89
3 3 39 90
1 3 40 91
7 3 39 92
8 3 42 92
7 3 46 93
2 3 45 93
1 3 49 94
8 2 2 91
6 3 40 91
5 3 54 92
7 2 2 92
3 4 41 90
3 3 32 90
6 2 2 87
6 3 19 88
3 4 47 86
2 3 19 88
1 5 19 88
3 3 18 89
8 3 18 90
4 3 36 90
5 2 2 85
3 3 8 83
6 4 27 85
6 3 10 81
3 3 11 82
5 5 12 83
6 3 26 81
6 3 29 82
3 3 34 85
2 4 38 85
8 3 33 86
2 3 40 87
1 2 2 86
2 4 17 86
8 5 39 85
3 4 20 85
5 3 4 87
3 3 14 84
1 4 14 83
6 4 31 87
4 4 30 88
7 4 39 82
6 3 16 85
8 4 16 87
5 4 40 84
5 3 18 88
8 6 20 84
6 3 17 87
5 3 24 85
5 3 36 82
1 3 38 82
8 3 38 83
2 2 1 85
2 3 7 84
1 3 7 85
5 3 6 85
4 3 20 85
4 4 21 85
7 2 2 83
7 3 19 82
2 3 23 84
5 2 2 81
8 3 20 81
1 2 2 77
2 3 5 76
1 3 5 76
6 3 15 77
1 3 22 75
2 3 35 76
8 2 2 68
1 3 2 68
2 3 7 67
3 4 12 66
4 3 10 66
7 6 11 64
5 3 10 68
2 4 12 68
3 4 19 66
2 4 20 66
7 4 35 68
1 3 13 63
7 3 14 65
1 3 15 62
7 3 16 69
1 3 19 67
7 3 19 69
7 3 24 61
2 4 31 59
1 3 26 67
3 3 27 70
3 3 30 63
4 3 30 64
7 3 31 61
3 3 31 58
2 3 39 58
2 2 1 67
5 4 24 66
3 3 34 68
4 2 2 68
1 3 8 67
4 3 9 68
1 4 17 67
6 3 11 66
3 2 2 68
5 2 2 69
2 2 2 66
8 3 2 65
2 3 7 65
3 2 1 66
2 4 19 65
6 3 10 64
2 3 11 65
1 3 16 65
2 2 2 63
3 3 18 63
4 4 18 62
5 3 18 64
8 3 18 63
3 2 2 62
3 3 16 60
8 3 25 59
6 3 25 60
5 3 27 62
7 2 2 60
6 3 21 61
2 3 22 60
1 2 2 60
6 3 4 61
8 4 18 58
4 3 31 56
7 2 2 56
1 3 5 55
3 3 8 55
6 3 19 53
2 3 21 53
7 3 22 52
3 5 41 50
2 3 29 54
3 3 33 52
4 4 37 51
7 3 32 51
6 3 35 50
3 4 47 50
2 3 39 48
7 3 40 48
5 2 2 50
5 3 7 51
3 3 10 52
6 3 16 54
4 3 23 49
7 3 36 48
5 3 40 49
6 3 40 47
8 3 40 47
8 2 2 48
4 3 18 48
1 3 28 46
6 3 28 48
5 3 29 47
3 4 30 48
6 4 33 46
4 4 40 49
2 4 40 50
8 3 33 48
2 4 32 48
6 2 2 44
2 3 9 44
8 4 19 44
4 3 9 46
8 3 29 48
8 3 40 43
5 3 40 45
2 4 40 44
7 2 2 44
3 4 24 44
4 2 2 39
3 4 32 38
7 4 46 41
3 3 5 37
3 4 11 36
8 4 11 37
4 3 6 37
5 3 9 38
1 3 12 35
1 3 14 38
2 4 40 37
5 3 18 39
8 3 21 37
6 3 28 37
7 3 30 35
5 3 30 34
3 3 35 33
6 3 35 33
3 4 51 33
3 3 38 38
8 3 49 33
2 4 50 34
8 4 53 33
2 4 54 32
5 2 2 37
8 5 5 36
3 5 25 38
7 4 5 36
7 4 22 38
1 3 3 37
2 4 20 37
1 3 7 35
8 4 21 33
2 4 22 33
4 4 30 36
5 3 13 39
3 3 21 32
8 4 23 31
7 3 23 34
8 3 27 34
7 3 28 35
7 3 34 39
7 3 40 30
5 2 2 38
6 3 3 37
2 2 2 36
4 3 13 34
3 3 15 33
7 3 42 33
7 2 2 33
2 2 2 31
6 3 23 30
8 3 32 29
5 4 44 28
3 3 45 29
2 3 55 26
3 4 55 27
7 3 59 28
8 2 2 26
3 3 9 25
8 4 39 25
8 3 9 24
1 3 14 25
2 3 50 24
5 2 2 26
3 3 26 25
2 3 27 26
1 3 27 26
5 3 27 27
7 4 40 28
8 3 27 25
8 4 32 25
1 3 32 24
3 3 40 30
4 3 40 30
4 5 51 28
8 3 45 22
8 3 61 28
1 2 2 26
5 4 27 24
2 3 2 25
5 3 17 26
4 2 2 23
4 3 9 24
3 2 2 24
6 3 24 22
1 2 2 24
3 3 40 24
2 2 2 21
1 3 2 21
8 4 30 21
3 3 10 20
4 4 36 20
1 3 25 20
2 4 46 19
1 3 36 22
7 3 36 22
4 3 36 24
8 3 46 19
7 3 48 20
6 2 2 13
8 3 14 12
2 3 19 12
1 3 19 14
4 3 19 12
1 3 21 14
7 3 23 13
3 3 23 15
2 3 28 13
6 3 42 11
4 2 1 12
7 3 13 13
5 3 40 14
1 3 40 15
4 3 41 10
1 2 1 13
1 3 4 12
8 3 4 12
5 4 27 13
7 3 4 11
3 3 11 11
1 3 25 14
4 3 26 15
1 4 28 11
3 4 34 11
4 3 33 14
3 2 1 11
8 3 3 11
4 3 8 10
2 3 33 9
4 2 1 10
7 3 17 9
2 2 2 14
1 3 4 13
3 3 12 11
6 3 27 9
7 3 42 7
3 2 2 7
5 3 46 5
5 2 2 5
2 3 6 6
3 4 42 6
7 3 27 3
4 3 38 5
7 3 44 5
1 4 55 3
3 3 54 4
8 3 54 3
5 4 55 6
1 4 54 5
7 3 54 1
2 2 2 4
2 3 6 4
7 3 6 2
7 3 13 2
1 4 13 4
3 4 36 4
1 3 21 1
6 3 24 5
3 3 27 1
6 3 38 2
8 3 40 2
7 3 42 4
8 3 43 5
2 3 52 7
2 2 3 94
6 3 9 93
5 3 35 95
8 2 3 93
4 3 6 94
6 3 11 94
8 3 31 94
4 3 34 96
1 3 36 92
6 2 3 94
4 3 11 94
5 3 28 91
7 3 28 91
2 2 3 94
8 4 7 93
7 4 7 94
3 4 24 92
5 3 5 94
3 5 8 92
6 4 19 94
6 3 5 94
2 4 10 93
4 3 6 95
7 3 9 93
2 4 24 93
5 3 8 93
3 3 21 95
2 3 28 96
8 5 33 95
7 3 33 91
4 2 3 86
1 3 29 85
7 2 2 86
3 2 2 87
6 3 4 86
7 3 14 85
1 3 21 87
7 4 22 88
6 4 28 84
1 3 22 88
5 3 28 86
8 3 30 89
4 2 3 88
4 3 19 88
5 3 25 89
8 2 3 76
1 3 18 74
5 2 3 77
7 2 3 78
4 3 14 76
3 2 3 75
4 2 3 73
4 2 3 70
7 3 16 71
2 3 22 70
3 3 22 70
6 2 3 70
3 3 8 70
7 3 8 71
7 3 19 71
1 2 2 70
8 4 10 69
3 2 1 70
5 4 13 68
4 3 8 71
5 3 8 70
1 5 11 70
7 3 8 71
3 2 3 59
1 2 3 57
6 2 3 49
5 3 33 49
8 2 3 41
1 3 24 39
6 3 27 37
1 3 47 41
2 4 47 42
3 2 3 42
4 3 20 43
7 3 20 43
6 3 20 44
8 4 30 43
2 3 23 45
5 3 28 45
5 3 36 43
4 3 35 42
7 3 37 41
2 2 3 38
1 3 18 39
8 4 22 39
4 2 3 33
2 4 32 31
3 3 9 31
4 3 18 31
1 3 32 30
8 3 43 29
7 2 3 32
1 3 35 33
2 2 3 27
7 3 6 28
5 3 11 27
1 3 35 25
4 2 3 24
3 3 23 23
5 3 29 22
3 2 3 1
5 3 3 1
4 3 3 2
2 3 11 1
4 3 11 3
3 3 28 3
3 3 41 1
8 2 2 1
8 4 10 1
1 3 26 2
2 3 44 4
3 3 53 1
6 2 3 1
5 3 14 1
1 2 2 1
8 3 33 1
2 2 4 96
7 3 7 96
6 3 6 96
4 3 12 94
7 3 16 94
8 3 26 96
2 3 44 98
3 3 46 98
2 3 65 100
5 2 3 96
1 3 3 95
1 3 19 96
1 3 22 98
3 3 21 97
1 3 52 99
7 2 2 96
7 4 20 95
4 3 40 97
7 3 41 99
8 2 3 95
5 3 7 95
8 4 7 94
7 3 13 93
8 2 4 64
7 2 4 61
5 2 3 60
8 3 6 61
5 3 11 60
7 3 12 59
3 2 3 61
6 3 3 61
8 3 2 59
4 2 2 61
7 2 2 60
2 2 2 61
4 2 2 58
5 3 2 59
6 3 8 58
5 3 8 58
8 3 6 58
8 3 22 58
1 2 2 59
2 2 1 59
1 3 5 57
5 3 15 55
6 2 1 58
1 3 11 56
3 3 31 55
3 2 3 62
5 5 3 61
7 2 2 63
5 4 12 62
5 3 4 63
1 2 3 61
4 2 3 57
5 2 4 52
3 3 10 52
8 3 19 51
6 3 22 52
7 4 32 53
4 3 27 53
4 3 30 50
1 3 30 49
3 2 4 47
4 4 25 45
1 3 25 47
2 2 4 47
1 2 4 43
3 3 10 44
7 3 10 45
3 3 14 46
8 3 32 42
7 2 4 42
4 3 10 42
8 3 13 40
6 4 27 42
4 4 35 41
6 3 14 43
3 4 28 44
3 3 22 41
4 3 21 42
1 3 27 44
5 2 3 42
7 3 3 42
7 4 25 41
1 3 12 40
5 3 21 40
2 4 21 40
6 2 2 41
2 3 3 41
2 3 15 41
6 4 14 40
4 3 14 41
6 3 21 40
2 3 22 39
3 3 24 43
5 2 2 40
4 3 9 39
8 3 9 39
7 2 3 39
2 2 4 36
6 3 14 37
7 3 15 37
1 2 4 34
5 3 4 34
5 3 17 35
3 3 20 34
6 3 20 34
4 3 28 33
5 4 33 34
7 3 28 35
7 2 4 25
8 3 9 23
3 3 13 24
8 3 15 22
6 3 22 25
8 4 28 25
8 3 32 21
2 2 4 12
1 2 4 11
5 4 23 9
2 3 23 10
4 3 35 10
6 4 35 9
8 2 4 9
3 3 28 8
7 4 28 6
2 4 27 7
1 3 27 5
8 3 28 9
5 3 29 7
6 3 37 5
2 2 4 6
8 3 47 5
8 2 4 5
4 3 17 4
3 2 4 1
2 3 27 1
6 3 30 2
1 3 35 2
2 2 5 89
6 2 5 85
2 3 5 84
7 3 11 82
7 2 5 65
1 2 5 65
4 2 4 65
3 3 3 65
7 3 10 66
8 3 13 66
5 2 5 65
3 2 5 66
5 3 7 65
6 3 7 65
3 3 8 66
1 3 7 66
4 2 5 64
5 2 5 49
1 3 19 49
4 3 19 49
5 3 27 50
4 2 5 47
6 2 5 33
7 3 5 34
2 3 6 35
2 4 16 33
7 3 10 31
1 5 25 29
3 3 15 35
1 3 17 33
7 4 17 31
7 3 25 30
5 3 24 31
1 2 5 25
5 3 15 24
1 4 19 23
1 3 15 25
4 3 20 22
7 3 23 23
8 3 24 22
1 2 5 20
4 4 24 19
2 3 18 20
8 2 5 7
8 3 11 7
7 3 19 6
4 3 30 7
8 4 33 4
1 3 32 7
6 2 4 7
4 2 3 6
3 2 4 7
7 3 4 6
5 2 4 8
1 4 12 7
2 3 9 9
6 3 25 8
3 3 26 7
7 3 26 4
3 3 42 5
3 2 4 6
3 2 5 6
2 3 13 4
3 5 13 5
5 5 12 2
4 3 20 3
3 3 20 4
7 3 33 1
6 3 33 1
1 2 6 97
5 4 18 97
1 3 17 97
7 3 29 98
6 4 29 98
3 2 6 96
2 3 10 95
2 3 21 97
1 2 6 95
4 3 5 95
4 3 10 95
3 3 11 96
6 4 10 95
2 3 26 97
2 2 6 92
8 2 6 78
6 2 6 71
3 3 13 72
5 2 5 70
1 4 12 70
4 3 12 71
7 3 12 69
8 2 6 66
7 2 6 52
3 3 17 51
1 3 19 51
4 2 5 52
6 3 4 52
8 3 12 52
1 3 14 54
2 2 3 52
2 3 9 51
2 2 6 39
8 2 6 30
1 3 44 29
5 2 6 17
7 4 32 17
7 3 7 18
6 3 16 18
1 5 17 18
3 3 30 20
8 2 6 3
5 3 30 1
2 3 31 3
7 2 7 93
6 2 7 65
8 3 12 66
5 2 7 65
3 2 7 59
4 2 7 60
6 2 7 60
4 2 7 60
7 2 7 54
7 3 18 53
3 3 22 53
2 2 6 54
2 3 8 54
5 4 17 52
1 2 5 54
8 4 13 52
6 3 8 52
4 3 11 53
1 3 16 54
6 3 16 54
6 3 20 55
8 2 5 53
3 3 5 52
5 3 5 52
4 2 5 54
7 2 4 54
3 2 3 53
4 2 6 51
8 3 11 50
2 3 11 52
3 2 7 39
6 2 7 34
7 2 7 35
2 4 7 34
5 3 7 34
5 4 8 34
1 4 8 34
3 3 7 35
6 2 7 36
6 4 11 36
2 3 11 38
7 2 7 32
6 3 8 32
1 3 7 30
8 3 7 30
2 4 6 30
4 4 19 29
4 3 7 32
5 2 5 31
2 3 7 29
1 5 7 30
3 3 10 28
2 3 9 28
7 3 9 27
4 3 7 27
8 3 6 27
6 3 13 31
2 3 15 26
3 4 16 28
2 4 16 24
7 4 24 27
8 3 15 27
4 3 14 26
2 3 30 28
6 2 4 30
7 3 4 30
1 3 9 28
8 3 19 32
1 2 7 18
8 3 40 19
5 2 7 17
6 3 21 18
6 4 30 19
3 3 25 20
5 3 24 21
1 2 7 16
2 3 13 15
5 2 7 13
5 3 11 14
3 2 7 14
3 3 23 15
4 2 7 14
3 2 6 14
6 2 7 13
8 3 13 14
1 3 27 15
8 2 7 4
6 3 20 2
4 3 20 4
8 4 20 2
4 3 26 1
2 2 7 5
6 3 7 5
2 3 33 5
5 3 33 6
1 2 8 93
6 2 8 93
1 2 8 87
7 2 8 83
1 4 17 83
1 3 8 82
6 4 17 86
5 3 9 83
3 4 10 80
8 3 13 83
2 3 16 82
4 3 22 78
8 3 25 80
1 4 28 77
6 3 25 77
3 3 27 79
7 3 28 84
7 2 7 82
5 2 8 80
4 4 30 78
8 2 8 75
6 3 10 73
8 3 11 75
1 3 11 76
5 3 11 73
1 2 8 75
7 3 12 74
5 2 7 75
4 2 7 75
4 2 8 70
7 2 8 71
2 4 8 71
8 3 9 72
8 2 7 71
6 2 8 72
3 2 8 57
7 3 21 57
7 2 8 58
4 4 20 58
2 3 8 57
5 3 7 58
3 3 14 56
5 3 16 56
1 2 7 58
3 2 8 52
6 3 9 50
1 2 8 52
5 2 7 52
6 2 7 52
8 2 8 51
1 2 7 51
2 2 8 27
6 3 20 28
5 3 21 27
6 3 21 25
4 2 8 24
8 3 24 23
4 3 29 21
5 2 8 25
2 3 19 24
8 2 8 25
3 2 8 8
6 2 7 8
8 3 15 8
4 2 9 99
5 2 9 99
4 3 12 97
8 3 24 99
4 2 9 99
2 3 37 98
2 2 9 98
7 2 9 94
4 2 9 92
2 4 17 91
1 2 9 90
1 3 17 89
2 3 17 90
6 2 8 90
4 3 16 90
2 2 9 83
8 4 16 83
2 2 9 67
7 2 9 61
5 3 9 61
1 2 9 62
2 3 11 63
4 3 10 63
3 3 9 61
4 2 8 61
8 2 9 63
4 2 8 63
2 2 9 51
5 2 9 52
7 2 9 50
5 2 9 50
5 3 18 48
7 2 9 50
8 3 14 49
2 3 19 47
8 2 9 12
5 2 10 99
3 3 11 99
5 2 10 88
6 2 10 89
8 4 10 88
7 3 9 89
6 2 7 89
2 4 10 88
3 3 6 88
8 3 14 90
6 2 9 87
7 2 10 87
1 2 10 87
3 2 10 86
5 4 16 84
5 2 10 80
1 3 9 80
2 4 25 79
1 4 25 80
7 3 30 78
6 2 9 81
4 3 16 81
2 3 16 83
7 3 26 81
3 2 10 69
1 3 23 68
8 2 10 40
4 3 10 39
3 3 10 38
5 2 10 37
8 2 10 23
4 2 10 22
1 3 13 21
2 3 13 22
7 3 12 22
7 2 9 21
2 3 28 21
4 2 10 22
7 3 22 21
5 3 21 22
6 2 10 14
7 2 10 13
5 2 11 92
2 2 11 93
8 3 19 91
5 2 11 86
8 2 11 69
6 2 11 68
2 2 11 57
4 2 11 49
6 2 11 50
1 3 17 49
3 3 19 48
1 2 11 40
8 3 12 40
6 2 11 27
8 3 15 28
8 2 11 5
4 2 11 5
7 3 16 3
3 2 10 5
1 3 14 4
8 3 21 3
8 2 10 4
2 3 13 3
1 3 21 3
6 2 10 5
2 2 10 4
2 2 12 100
3 3 19 99
4 3 19 98
1 3 24 99
7 2 12 80
8 3 25 81
3 2 12 68
3 2 12 50
6 3 15 49
7 2 11 50
7 2 12 41
3 2 12 42
1 2 12 42
6 2 12 23
5 2 12 20
2 4 19 18
3 3 14 19
6 3 21 20
2 3 23 17
4 3 22 17
6 2 12 4
3 3 18 4
4 3 36 1
1 2 12 5
7 2 13 100
7 2 13 97
8 3 23 97
6 3 24 98
1 3 24 98
7 3 23 98
5 3 23 97
2 2 13 98
4 3 22 98
4 2 12 98
2 2 13 85
4 2 13 85
3 2 13 68
7 2 13 56
8 2 12 56
1 3 18 55
2 2 12 56
5 2 12 56
1 2 13 36
2 3 12 35
7 2 13 31
8 2 13 32
6 2 13 29
5 3 28 27
3 2 13 28
1 4 28 28
4 3 18 26
2 2 12 28
1 3 20 27
7 3 20 27
3 2 12 28
8 4 12 28
6 4 18 26
5 3 15 28
2 2 12 28
6 2 11 27
8 2 12 28
1 2 12 28
2 3 12 27
4 2 12 27
7 2 13 21
8 3 14 20
1 3 19 21
4 3 24 19
5 2 12 20
1 3 14 20
3 3 14 21
1 3 20 21
2 2 12 20
6 3 17 19
3 3 17 19
8 3 19 18
5 3 21 19
6 2 13 17
6 3 14 16
5 2 12 16
4 2 12 15
5 2 13 6
6 2 14 92
4 2 14 90
8 2 14 69
5 2 14 66
4 2 14 43
7 2 14 44
2 2 14 44
5 3 14 43
1 3 13 42
8 3 14 42
2 2 13 41
2 2 14 35
5 4 16 35
6 2 14 34
4 3 14 34
1 2 13 34
1 2 14 11
6 2 14 11
3 2 14 11
2 3 14 12
1 2 13 11
6 2 14 11
1 2 14 11
1 2 14 8
4 4 22 7
1 4 21 8
8 2 14 2
1 3 36 1
5 2 15 95
2 2 14 95
4 2 15 92
4 2 15 87
7 2 15 88
8 2 15 79
2 2 15 80
8 3 19 79
2 3 18 78
1 2 14 80
7 3 14 80
2 2 15 48
7 3 15 48
1 2 15 49
3 2 15 41
4 2 15 27
5 2 15 21
4 2 15 15
5 2 15 3
1 2 16 46
1 3 23 44
8 2 16 20
6 2 16 2
4 2 17 93
5 2 17 49
6 2 17 50
1 2 17 25
7 2 17 25
6 3 21 23
4 2 17 24
3 3 17 23
4 2 17 23
6 2 17 23
2 2 17 14
1 2 17 15
6 2 17 6
2 2 17 2
4 3 18 1
6 2 17 2
8 2 17 1
6 2 18 79
5 3 27 79
8 2 18 55
4 2 18 56
6 2 17 56
7 2 18 44
5 2 18 32
6 2 18 27
4 2 17 27
8 2 18 12
7 2 18 12
2 2 18 6
3 2 18 7
7 2 19 92
8 2 19 85
7 2 18 84
5 2 19 46
4 3 28 46
6 2 19 29
4 2 19 30
3 2 18 29
3 2 20 80
8 2 20 76
7 2 21 100
4 2 20 100
8 2 22 99
5 2 22 99
5 2 22 81
6 2 22 80
8 2 22 80
1 2 22 32
5 2 23 77
8 2 23 78
6 2 22 77
6 3 26 77
7 2 22 77
4 2 22 76
1 2 24 91
4 2 24 45
6 2 24 44
5 2 23 44
2 3 22 44
7 2 22 45
5 2 25 99
8 2 25 100
6 2 25 16
2 2 25 1
5 2 26 1
8 2 25 1
3 2 24 1
1 2 28 10
7 2 29 80
3 2 30 29
2 2 36 1
1 2 35 1
3 2 40 100
3 2 51 100
2 2 51 100